time-1,1,1.00231,1.02096,1.03996,1.05931,1.07903,1.09911,1.11956,1.1404,1.16162,1.18324,1.20526,1.22769,1.25054,1.27381,1.29752,1.32166,1.34626,1.37131,1.39684,1.42283,1.44931,1.47628,1.50376,1.53174,1.56025,1.58928,1.61886,1.64899,1.67967,1.71093,1.74277,1.77521,1.80824,1.8419,1.87617,1.91109,1.94666,1.98288,2.01979,2.05737,2.09566,2.13466,2.17439,2.21486,2.25607,2.29806,2.34083,2.38439,2.42876,2.47396,2.52,2.5669,2.61467,2.66333,2.7129,2.76339,2.81481,2.8672,2.92056,2.97491,3.03027,3.08666,3.14411,3.20262,3.26222,3.32293,3.38477,3.44776,3.51193,3.57729,3.64386,3.71167,3.78075,3.85111,3.92278,3.99578,4.07014,4.14589,4.22304,4.30164,4.38169,4.46323,4.5463,4.6309,4.71708,4.80487,4.89429,4.98537,5.07815,5.17266,5.26892,5.36698,5.46686,5.5686,5.67223,5.77779,5.88532,5.99484,6.10641,6.22005,6.3358,6.45372,6.57382,6.69616,6.82078,6.94771,7.07701,7.20872,7.34287,7.47952,7.61872,7.7605,7.90493,8.05204,8.20189,8.35453,8.51001,8.66838,8.8297,8.99402,9.1614,9.3319,9.50557,9.68247,9.86266,10.0462,10.2332,10.4236,10.6176,10.8152,11.0165,11.2215,11.4303,11.643,11.8597,12.0804,12.3052,12.5342,12.7675,13.0051,13.2471,13.4937,13.7448,14.0006,14.2611,14.5265,14.7969,15.0723,15.3528,15.6385,15.9295,16.226,16.5279,16.8355,17.1488,17.468,17.793,18.1242,18.4615,18.805,19.155,19.5115,19.8746,20.2445,20.6212,21.005,21.3959,21.7941,22.1997,22.6128,23.0336,23.4623,23.8989,24.3437,24.7967,25.2582,25.7283,26.2071,26.6948,27.1916,27.6976,28.2131,28.7381,29.2729,29.8177,30.3726,30.9379,31.5136,32.1001,32.6975,33.306,33.9258,34.5572,35.2003,35.8554,36.5227,37.2024,37.8947,38.5999,39.3183,40.05,40.7953,41.5546,42.3279,43.1156,43.918,44.7353,45.5679,46.4159,47.2797,48.1596,49.0558,49.9688,50.8987,51.8459,52.8108,53.7936,54.7947,55.8145,56.8532,57.9112,58.989,60.0868,61.205,62.344,63.5043,64.6861,65.8899,67.1161,68.3652,69.6374,70.9334,72.2535,73.5981,74.9678,76.363,77.7841,79.2317,80.7062,82.2082,83.7381,85.2964,86.8838,88.5007,90.1478,91.8254,93.5343,95.275,97.0481,98.8542,100.694,102.568,104.477,106.421,108.401,110.419,112.474,114.567,116.699,118.871,121.083,123.336,125.632,127.97,130.351,132.777,135.248,137.765,140.329,142.94,145.601,148.31,151.07,153.882,156.746,159.663,162.634,165.661,168.744,171.884,175.083,178.341,181.66,185.041,188.484,191.992,195.565,199.205,202.912,206.688,210.535,214.453,218.444,222.509,226.65,230.868,235.164,239.541,243.999,248.539,253.165,257.876,262.675,267.564,272.543,277.615,282.782,288.044,293.405,298.865,304.427,310.093,315.864,321.742,327.729,333.829,340.041,346.369,352.815,359.381,366.07,372.882,379.822,386.89,394.09,401.424,408.895,416.504,424.256,432.151,440.194,448.386,456.73,465.23,473.888,482.707,491.69,500.841,510.162,519.656,529.327,539.177,549.212,559.433,569.844,580.449,591.251,602.254,613.462,624.879,636.508,648.353,660.419,672.71,685.229,697.981,710.971,724.202,737.68,751.408,765.392,779.636,794.145,808.924,823.979,839.313,854.933,870.843,887.05,903.558,920.373,937.502,954.949,972.72,990.823,1009.26,1028.04,1047.18,1066.66,1086.52,1106.74,1127.33,1148.31,1169.68,1191.45,1213.62,1236.21,1259.22,1282.65,1306.52,1330.83,1355.6,1380.83,1406.53,1432.7,1459.37,1486.52,1514.19,1542.37,1571.07,1600.31,1630.09,1660.43,1691.33,1722.81,1754.87,1787.53,1820.79,1854.68,1889.19,1924.35,1960.16,1996.64,2033.8,2071.65,2110.2,2149.47,2189.48,2230.22,2271.73,2314.01,2357.07,2400.93,2445.62,2491.13,2537.49,2584.71,2632.82,2681.81,2731.72,2782.56,2834.34,2887.09,2940.82,2995.55,3051.3,3108.08,3165.92,3224.84,3284.86,3345.99,3408.26,3471.69,3536.3,3602.11,3669.14,3737.43,3806.98,3877.83,3950,4023.51,4098.38,4174.66,4252.35,4331.48,4412.09,4494.2,4577.84,4663.03,4749.81,4838.21,4928.25,5019.97,5113.39,5208.55,5305.48,5404.22,5504.79,5607.23,5711.59,5817.88,5926.15,6036.44,6148.78,6263.21,6379.77,6498.5,6619.43,6742.62,6868.1,6995.92,7126.12,7258.73,7393.82,7531.42,7671.58,7814.35,7959.78,8107.91,8258.8,8412.5,8569.06,8728.53,8890.97,9056.43,9224.97,9396.65,9571.52,9749.65,9931.09,10115.9,10304.2,10495.9,10691.3,10890.2,11092.9,11299.3,11509.6,11723.8,11942,12164.2,12390.6,12621.2,12856.1,13095.4,13339.1,13587.3,13840.2,14097.7,14360.1,14627.3,14899.6,15176.8,15459.3,15747,16040,16338.5,16642.6,16952.3,17267.8,17589.2,17916.5,18249.9,18589.6,18935.5,19287.9,19646.9,20012.5,20384.9,20764.3,21150.7,21544.3,21945.3,22353.7,22769.7,23193.5,23625.1,24064.8,24512.6,24968.8,25433.5,25906.8,26388.9,26880,27380.3,27889.8,28408.8,28937.5,29476.1,30024.6,30583.4,31152.5,31732.3,32322.8,32924.4,33537.1,34161.2,34797,35444.6,36104.2,36776.1,37460.5,38157.6,38867.8,39591.1,40327.9,41078.4,41842.9,42621.6,43414.8,44222.7,45045.7,45884,46738,47607.8,48493.7,49396.2,50315.5,51251.9,52205.7,53177.2,54166.9,55174.9,56201.7,57247.7,58313.1,59398.3,60503.7,61629.7,62776.6,63944.9,65134.9,66347.1,67581.8,68839.5,70120.6,71425.6,72754.8,74108.8,75488,76892.8,78323.8,79781.4,81266.2,82778.6,84319.1,85888.3,87486.7,89114.8,90773.3,92462.6,94183.3,95936.1,97721.5,99540.1,101393,103279,105202,107159,109154,111185,113254,115362,117509,119696,121923,124192,126503,128858,131256,133698,136187,138721,141303,143932,146611,149339,152119,154950,157833,160770,163762,166810,169914,173077,176298,179578,182920,186325,189792,193324,196922,200587,204320,208122,211995,215941,219959,224053,228222,232470,236796,241203,245692,250264,254921,259666,264498,269420,274434,279542,284744,290043,295441,300939,306540,312244,318055,323974,330003,336145,342401,348773,355263,361875,368610,375469,382457,389575,396825,404210,411732,419394,427199,435150,443248,451497,459899,468458,477176,486056,495102,504316,513701,523261,532999,542919,553022,563314,573798,584476,595353,606433,617719,629215,640924,652852,665002,677378,689984,702824,715904,729227,742798,756622,770703,785046,799655,814537,829696,845137,860865,876886,893205,909827,926759,944006,961575,979470,997698,1.01627e+06,1.03518e+06,1.05444e+06,1.07407e+06,1.09405e+06,1.11442e+06,1.13515e+06,1.15628e+06,1.1778e+06,1.19972e+06,1.22204e+06,1.24479e+06,1.26795e+06,1.29155e+06,1.31559e+06,1.34007e+06,1.36501e+06,1.39041e+06,1.41629e+06,1.44264e+06,1.46949e+06,1.49684e+06,1.5247e+06,1.55307e+06,1.58197e+06,1.61141e+06,1.6414e+06,1.67195e+06,1.70307e+06,1.73476e+06,1.76704e+06,1.79993e+06,1.83343e+06,1.86755e+06,1.9023e+06,1.9377e+06,1.97376e+06,2.0105e+06,2.04791e+06,2.08602e+06,2.12485e+06,2.16439e+06,2.20467e+06,2.2457e+06,2.28749e+06,2.33006e+06,2.37342e+06,2.41759e+06,2.46259e+06,2.50842e+06,2.5551e+06,2.60265e+06,2.65108e+06,2.70042e+06,2.75068e+06,2.80187e+06,2.85401e+06,2.90712e+06,2.96123e+06,3.01633e+06,3.07247e+06,3.12965e+06,3.18789e+06,3.24722e+06,3.30765e+06,3.36921e+06,3.43191e+06,3.49578e+06,3.56083e+06,3.6271e+06,3.6946e+06,3.76336e+06,3.8334e+06,3.90474e+06,3.9774e+06,4.05142e+06,4.12682e+06,4.20362e+06,4.28185e+06,4.36154e+06,4.44271e+06,4.52539e+06,4.6096e+06,4.69539e+06,4.78277e+06,4.87178e+06,4.96244e+06,5.0548e+06,5.14887e+06,5.24469e+06,5.34229e+06,5.44171e+06,5.54299e+06,5.64614e+06,5.75122e+06,5.85825e+06,5.96727e+06,6.07832e+06,6.19144e+06,6.30667e+06,6.42403e+06,6.54359e+06,6.66536e+06,6.78941e+06,6.91576e+06,7.04446e+06,7.17556e+06,7.3091e+06,7.44512e+06,7.58368e+06,7.72481e+06,7.86857e+06,8.01501e+06,8.16417e+06,8.3161e+06,8.47087e+06,8.62851e+06,8.78909e+06,8.95266e+06,9.11927e+06,9.28898e+06,9.46185e+06,9.63793e+06,9.8173e+06,1e+07
source-iicr-1,100.036,100.037,100.037,100.038,100.039,100.039,100.04,100.041,100.042,100.042,100.043,100.044,100.045,100.046,100.046,100.047,100.048,100.049,100.05,100.051,100.052,100.053,100.054,100.055,100.056,100.057,100.058,100.059,100.06,100.061,100.062,100.064,100.065,100.066,100.067,100.069,100.07,100.071,100.072,100.074,100.075,100.077,100.078,100.08,100.081,100.083,100.084,100.086,100.087,100.089,100.091,100.092,100.094,100.096,100.098,100.099,100.101,100.103,100.105,100.107,100.109,100.111,100.113,100.115,100.117,100.12,100.122,100.124,100.127,100.129,100.131,100.134,100.136,100.139,100.141,100.144,100.147,100.15,100.152,100.155,100.158,100.161,100.164,100.167,100.17,100.174,100.177,100.18,100.184,100.187,100.191,100.194,100.198,100.202,100.205,100.209,100.213,100.217,100.221,100.226,100.23,100.234,100.239,100.243,100.248,100.253,100.257,100.262,100.267,100.272,100.277,100.283,100.288,100.294,100.299,100.305,100.311,100.317,100.323,100.329,100.335,100.341,100.348,100.354,100.361,100.368,100.375,100.382,100.39,100.397,100.405,100.412,100.42,100.428,100.437,100.445,100.454,100.462,100.471,100.48,100.49,100.499,100.509,100.518,100.528,100.539,100.549,100.56,100.57,100.581,100.593,100.604,100.616,100.628,100.64,100.653,100.665,100.678,100.692,100.705,100.719,100.733,100.747,100.762,100.777,100.792,100.808,100.824,100.84,100.856,100.873,100.891,100.908,100.926,100.945,100.963,100.982,101.002,101.022,101.042,101.063,101.084,101.106,101.128,101.151,101.174,101.198,101.222,101.247,101.272,101.298,101.324,101.351,101.378,101.406,101.435,101.465,101.495,101.525,101.557,101.589,101.622,101.655,101.689,101.724,101.76,101.797,101.835,101.873,101.912,101.953,101.994,102.036,102.079,102.123,102.168,102.214,102.262,102.31,102.36,102.411,102.463,102.516,102.571,102.627,102.684,102.743,102.803,102.865,102.928,102.993,103.06,103.128,103.198,103.27,103.343,103.419,103.496,103.576,103.658,103.742,103.828,103.916,104.007,104.101,104.196,104.295,104.396,104.5,104.607,104.717,104.831,104.947,105.067,105.19,105.317,105.448,105.582,105.72,105.863,106.01,106.161,106.317,106.478,106.644,106.815,106.991,107.173,107.361,107.555,107.756,107.962,108.176,108.397,108.625,108.861,109.105,109.358,109.619,109.89,110.17,110.46,110.76,111.072,111.395,111.729,112.077,112.437,112.811,113.2,113.604,114.023,114.459,114.913,115.385,115.876,116.387,116.92,117.475,118.054,118.657,119.287,119.944,120.631,121.348,122.098,122.882,123.702,124.561,125.46,126.403,127.391,128.427,129.515,130.657,131.858,133.12,134.447,135.844,137.315,138.866,140.501,142.225,144.047,145.97,148.004,150.156,152.433,154.846,157.403,160.116,162.996,166.055,169.307,172.768,176.452,180.378,184.565,189.033,193.806,198.908,204.366,210.211,216.474,223.192,230.404,238.152,246.484,255.452,265.112,275.527,286.767,298.906,312.029,326.226,341.601,358.264,376.339,395.961,417.28,440.46,465.683,493.148,523.076,555.706,591.303,630.156,672.581,718.924,769.556,824.885,885.345,951.405,1023.56,1102.35,1188.31,1282.02,1384.06,1495.03,1615.51,1746.04,1887.16,2039.3,2202.83,2378,2564.89,2763.45,2973.39,3194.2,3425.16,3665.27,3913.3,4167.76,4427.01,4689.22,4952.46,5214.79,5474.27,5729.09,5977.58,6218.3,6450.05,6671.94,6883.33,7083.89,7273.54,7452.44,7620.95,7779.61,7929.06,8070.05,8203.38,8329.87,8450.36,8565.65,8676.54,8783.76,8888.01,8989.93,9090.1,9189.06,9287.28,9385.2,9483.19,9581.61,9680.74,9780.85,9882.19,9984.96,10089.3,10195.5,10303.5,10413.7,10525.9,10640.5,10757.4,10876.8,10998.7,11123.2,11250.4,11380.3,11513.1,11648.7,11787.3,11928.9,12073.5,12221.2,12372.1,12526.3,12683.7,12844.5,13008.6,13176.2,13347.3,13522,13700.3,13882.2,14067.8,14257.2,14450.4,14647.4,14848.4,15053.3,15262.2,15475.2,15692.3,15913.5,16138.9,16368.5,16602.4,16840.6,17083.1,17330.1,17581.5,17837.3,18097.7,18362.6,18632,18906.1,19184.9,19468.3,19756.5,20049.4,20347.1,20649.7,20957.1,21269.4,21586.7,21908.9,22236.2,22568.5,22905.8,23248.4,23596,23948.9,24307,24670.5,25039.2,25413.4,25793,26178,26568.6,26964.8,27366.6,27774.1,28187.3,28606.3,29031.2,29462,29898.7,30341.5,30790.4,31245.4,31706.6,32174.1,32647.9,33128.1,33614.8,34108,34607.8,35114.2,35627.4,36147.3,36674.1,37207.7,37748.4,38296,38850.8,39412.7,39981.8,40558.2,41142,41733.1,42331.8,42937.9,43551.7,44173.2,44802.4,45439.4,46084.3,46737.1,47398,48067.1,48744.3,49429.8,50123.7,50826,51536.9,52256.5,52984.8,53722,54468.2,55223.5,55988,56761.9,57545.2,58338.2,59140.9,59953.5,60776.2,61609.1,62452.4,63306.3,64170.9,65046.3,65932.9,66830.7,67739.9,68660.8,69593.5,70538.3,71495.2,72464.6,73446.6,74441.4,75449.3,76470.3,77504.7,78552.7,79614.4,80690.1,81779.9,82883.9,84002.4,85135.4,86283.1,87445.6,88623,89815.4,91022.8,92245.3,93483,94735.8,96003.6,97286.6,98584.5,99897.3,101225,102567,103924,105294,106679,108077,109488,110912,112349,113797,115257,116727,118208,119698,121197,122704,124218,125738,127264,128794,130328,131864,133401,134938,136474,138008,139539,141064,142584,144096,145599,147093,148575,150044,151499,152938,154361,155765,157151,158515,159858,161178,162473,163744,164988,166205,167395,168555,169686,170787,171857,172896,173903,174878,175821,176732,177610,178456,179269,180050,180799,181517,182203,182859,183484,184079,184645,185183,185693,186175,186632,187062,187468,187851,188210,188547,188862,189158,189434,189691,189931,190153,190360,190551,190729,190892,191043,191182,191310,191427,191534,191632,191722,191803,191877,191945,192006,192061,192111,192156,192196,192232,192265,192294,192320,192343,192364,192382,192398,192412,192425,192436,192446,192455,192462,192469,192474,192479,192484,192488,192491,192494,192496,192498,192500,192501,192503,192504,192505,192506,192506,192507,192507,192508,192508,192508,192509,192509,192509,192509,192509,192509,192509,192509,192510,192510,192510,192510,192510,192510,192510,192510,192510,192510,192510,192510,192510,192510,192510,192510,192510,192510,192510,192510,192510,192510,192510,192510,192510,192510,192510,192510,192510,192510,192510,192510,192510,192510,192510,192510,192510,192510,192510,192510,192510,192510,192510,192510,192510,192510,192510,192510,192510,192510,192510,192510,192510,192510,192510,192510,192510,192510,192510,192510,192510,192510,192510,192510,192510,192510,192510,192510,192510,192510,192510,192510,192510,192510,192510,192510,192510,192510,192510,192510,192510,192510,192510,192510,192510,192510,192510,192510,192510,192510,192510,192510,192510,192510,192510,192510,192510,192510,192510,192510,192510,192510,192510,192510,192510,192510,192510,192510,192510,192510,192510,192510,192510,192510,192510,192510,192510,192510,192510,192510,192510,192510,192510,192510,192510,192510,192510,192510,192510,192510,192510,192510,192510,192510,192510
source-cdf-1,0.00999641,2.30669e-05,0.000209508,0.000399381,0.000592749,0.000789677,0.000990227,0.00119447,0.00140246,0.00161429,0.00183,0.00204968,0.0022734,0.00250122,0.00273324,0.00296951,0.00321012,0.00345514,0.00370466,0.00395876,0.00421752,0.00448102,0.00474935,0.0050226,0.00530085,0.0055842,0.00587273,0.00616655,0.00646574,0.0067704,0.00708064,0.00739654,0.00771822,0.00804577,0.0083793,0.00871892,0.00906473,0.00941686,0.0097754,0.0101405,0.0105122,0.0108907,0.0112761,0.0116685,0.012068,0.0124748,0.012889,0.0133107,0.0137401,0.0141772,0.0146223,0.0150755,0.0155369,0.0160066,0.0164848,0.0169717,0.0174674,0.017972,0.0184858,0.0190088,0.0195413,0.0200833,0.0206352,0.021197,0.0217689,0.022351,0.0229437,0.023547,0.0241611,0.0247862,0.0254225,0.0260703,0.0267296,0.0274007,0.0280839,0.0287792,0.0294869,0.0302073,0.0309405,0.0316867,0.0324463,0.0332193,0.034006,0.0348067,0.0356217,0.036451,0.037295,0.0381539,0.039028,0.0399175,0.0408227,0.0417438,0.0426812,0.043635,0.0446055,0.045593,0.0465979,0.0476203,0.0486605,0.0497189,0.0507958,0.0518914,0.053006,0.05414,0.0552936,0.0564672,0.0576611,0.0588755,0.060111,0.0613676,0.0626459,0.0639461,0.0652686,0.0666137,0.0679818,0.0693731,0.0707882,0.0722273,0.0736908,0.0751791,0.0766925,0.0782314,0.0797963,0.0813874,0.0830052,0.0846501,0.0863224,0.0880226,0.0897511,0.0915082,0.0932944,0.0951101,0.0969557,0.0988317,0.100738,0.102676,0.104646,0.106647,0.108681,0.110748,0.112848,0.114982,0.117151,0.119354,0.121592,0.123865,0.126175,0.128521,0.130904,0.133325,0.135783,0.138279,0.140815,0.143389,0.146004,0.148658,0.151353,0.154089,0.156866,0.159686,0.162547,0.165452,0.1684,0.171392,0.174427,0.177508,0.180633,0.183804,0.187021,0.190284,0.193594,0.196951,0.200355,0.203807,0.207308,0.210857,0.214456,0.218103,0.221801,0.225549,0.229347,0.233195,0.237095,0.241046,0.245049,0.249103,0.25321,0.257369,0.261581,0.265845,0.270163,0.274533,0.278957,0.283434,0.287965,0.292549,0.297187,0.301879,0.306624,0.311423,0.316275,0.321182,0.326141,0.331155,0.336221,0.34134,0.346513,0.351737,0.357015,0.362344,0.367725,0.373157,0.37864,0.384173,0.389757,0.39539,0.401071,0.406801,0.412579,0.418403,0.424274,0.43019,0.43615,0.442154,0.448201,0.45429,0.46042,0.466589,0.472797,0.479042,0.485324,0.491641,0.497991,0.504374,0.510788,0.517231,0.523703,0.5302,0.536723,0.543269,0.549837,0.556424,0.563029,0.56965,0.576286,0.582934,0.589592,0.596259,0.602932,0.609609,0.616288,0.622966,0.629642,0.636314,0.642978,0.649634,0.656277,0.662906,0.669519,0.676113,0.682685,0.689234,0.695756,0.702249,0.708711,0.715138,0.72153,0.727882,0.734193,0.74046,0.74668,0.752851,0.758971,0.765037,0.771046,0.776997,0.782887,0.788713,0.794474,0.800167,0.80579,0.81134,0.816817,0.822217,0.827539,0.832781,0.837942,0.843019,0.84801,0.852916,0.857733,0.862461,0.867098,0.871643,0.876096,0.880455,0.884719,0.888887,0.89296,0.896936,0.900816,0.904598,0.908282,0.91187,0.91536,0.918752,0.922048,0.925247,0.92835,0.931357,0.93427,0.937089,0.939815,0.942448,0.944991,0.947444,0.949809,0.952086,0.954278,0.956386,0.958411,0.960356,0.962221,0.964009,0.965721,0.96736,0.968927,0.970424,0.971854,0.973217,0.974516,0.975754,0.976932,0.978052,0.979116,0.980126,0.981085,0.981994,0.982855,0.98367,0.984441,0.985169,0.985858,0.986508,0.987121,0.987699,0.988243,0.988756,0.989239,0.989692,0.990119,0.990519,0.990895,0.991248,0.991579,0.991889,0.992179,0.992451,0.992706,0.992944,0.993166,0.993374,0.993568,0.993749,0.993918,0.994076,0.994223,0.99436,0.994488,0.994607,0.994717,0.99482,0.994916,0.995005,0.995088,0.995165,0.995237,0.995304,0.995366,0.995424,0.995478,0.995528,0.995574,0.995618,0.995659,0.995697,0.995733,0.995766,0.995798,0.995827,0.995855,0.995882,0.995907,0.995931,0.995954,0.995976,0.995997,0.996017,0.996037,0.996056,0.996074,0.996093,0.99611,0.996128,0.996145,0.996162,0.996178,0.996195,0.996211,0.996228,0.996244,0.99626,0.996276,0.996292,0.996308,0.996325,0.996341,0.996357,0.996373,0.99639,0.996406,0.996422,0.996439,0.996455,0.996472,0.996489,0.996505,0.996522,0.996539,0.996556,0.996573,0.99659,0.996607,0.996624,0.996641,0.996658,0.996675,0.996692,0.996709,0.996727,0.996744,0.996761,0.996779,0.996796,0.996814,0.996831,0.996848,0.996866,0.996883,0.996901,0.996918,0.996936,0.996953,0.996971,0.996988,0.997006,0.997023,0.997041,0.997058,0.997075,0.997093,0.99711,0.997128,0.997145,0.997162,0.997179,0.997197,0.997214,0.997231,0.997248,0.997265,0.997282,0.9973,0.997317,0.997333,0.99735,0.997367,0.997384,0.997401,0.997418,0.997434,0.997451,0.997468,0.997484,0.997501,0.997517,0.997534,0.99755,0.997566,0.997583,0.997599,0.997615,0.997631,0.997647,0.997663,0.997679,0.997695,0.997711,0.997727,0.997743,0.997758,0.997774,0.99779,0.997805,0.997821,0.997836,0.997851,0.997867,0.997882,0.997897,0.997913,0.997928,0.997943,0.997958,0.997973,0.997988,0.998002,0.998017,0.998032,0.998047,0.998061,0.998076,0.99809,0.998105,0.998119,0.998134,0.998148,0.998162,0.998177,0.998191,0.998205,0.998219,0.998233,0.998247,0.998261,0.998275,0.998289,0.998302,0.998316,0.99833,0.998343,0.998357,0.99837,0.998384,0.998397,0.99841,0.998424,0.998437,0.99845,0.998463,0.998476,0.998489,0.998502,0.998515,0.998528,0.998541,0.998554,0.998567,0.998579,0.998592,0.998604,0.998617,0.998629,0.998642,0.998654,0.998666,0.998679,0.998691,0.998703,0.998715,0.998727,0.998739,0.998751,0.998763,0.998775,0.998787,0.998798,0.99881,0.998822,0.998833,0.998845,0.998856,0.998867,0.998879,0.99889,0.998901,0.998912,0.998923,0.998934,0.998945,0.998956,0.998967,0.998978,0.998989,0.998999,0.99901,0.999021,0.999031,0.999042,0.999052,0.999062,0.999073,0.999083,0.999093,0.999103,0.999113,0.999123,0.999133,0.999143,0.999153,0.999163,0.999172,0.999182,0.999192,0.999201,0.999211,0.99922,0.999229,0.999239,0.999248,0.999257,0.999266,0.999276,0.999285,0.999294,0.999303,0.999312,0.999321,0.999329,0.999338,0.999347,0.999356,0.999365,0.999373,0.999382,0.99939,0.999399,0.999407,0.999416,0.999424,0.999433,0.999441,0.999449,0.999458,0.999466,0.999474,0.999482,0.999491,0.999499,0.999507,0.999515,0.999523,0.999531,0.999539,0.999547,0.999555,0.999563,0.999571,0.999579,0.999586,0.999594,0.999602,0.99961,0.999617,0.999625,0.999633,0.99964,0.999648,0.999655,0.999663,0.99967,0.999677,0.999685,0.999692,0.999699,0.999706,0.999714,0.999721,0.999728,0.999735,0.999742,0.999748,0.999755,0.999762,0.999768,0.999775,0.999781,0.999788,0.999794,0.999801,0.999807,0.999813,0.999819,0.999825,0.999831,0.999836,0.999842,0.999847,0.999853,0.999858,0.999863,0.999869,0.999874,0.999879,0.999883,0.999888,0.999893,0.999897,0.999902,0.999906,0.99991,0.999914,0.999918,0.999922,0.999926,0.999929,0.999933,0.999936,0.999939,0.999943,0.999946,0.999949,0.999951,0.999954,0.999957,0.999959,0.999962,0.999964,0.999966,0.999968,0.99997,0.999972,0.999974,0.999976,0.999977,0.999979,0.99998,0.999982,0.999983,0.999984,0.999986,0.999987,0.999988,0.999989,0.99999,0.99999,0.999991,0.999992,0.999993,0.999993,0.999994,0.999995,0.999995,0.999996,0.999996,0.999996,0.999997,0.999997,0.999997,0.999998,0.999998,0.999998,0.999998,0.999999,0.999999,0.999999,0.999999,0.999999,0.999999,0.999999,0.999999,0.999999,1,1,1,1,1,1,1,1,1,1,1,1,1,1,1,1,1,1,1,1,1,1,1,1,1,1,1,1,1,1,1,1,1,1,1,1,1,1,1,1,1,1,1,1,1,1,1,1,1,1,1,1,1,1,1,1,1,1,1,1,1,1,1,1,1,1,1,1,1,1,1,1,1,1,1,1,1,1,1,1,1,1,1,1,1,1,1,1,1,1,1,1,1,1,1,1,1,1,1,1,1,1,1,1
source-pdf-1,0.00989649,0.00999612,0.00999418,0.00999222,0.00999021,0.00998817,0.00998609,0.00998398,0.00998182,0.00997963,0.00997739,0.00997512,0.0099728,0.00997044,0.00996803,0.00996559,0.00996309,0.00996056,0.00995797,0.00995534,0.00995266,0.00994993,0.00994715,0.00994431,0.00994143,0.0099385,0.00993551,0.00993246,0.00992936,0.00992621,0.00992299,0.00991972,0.00991639,0.00991299,0.00990954,0.00990602,0.00990244,0.00989879,0.00989507,0.00989129,0.00988744,0.00988352,0.00987953,0.00987546,0.00987132,0.00986711,0.00986282,0.00985845,0.009854,0.00984947,0.00984486,0.00984017,0.00983539,0.00983052,0.00982557,0.00982053,0.00981539,0.00981016,0.00980484,0.00979942,0.00979391,0.00978829,0.00978258,0.00977676,0.00977084,0.00976481,0.00975867,0.00975242,0.00974606,0.00973958,0.00973299,0.00972628,0.00971946,0.00971251,0.00970543,0.00969823,0.0096909,0.00968344,0.00967585,0.00966812,0.00966025,0.00965225,0.0096441,0.00963581,0.00962737,0.00961878,0.00961004,0.00960115,0.0095921,0.00958289,0.00957352,0.00956398,0.00955428,0.0095444,0.00953435,0.00952413,0.00951373,0.00950314,0.00949237,0.00948141,0.00947027,0.00945893,0.00944739,0.00943565,0.00942371,0.00941156,0.0093992,0.00938663,0.00937385,0.00936084,0.00934761,0.00933415,0.00932047,0.00930655,0.00929239,0.00927799,0.00926335,0.00924846,0.00923331,0.00921791,0.00920225,0.00918633,0.00917014,0.00915368,0.00913694,0.00911993,0.00910263,0.00908504,0.00906716,0.00904898,0.00903051,0.00901173,0.00899264,0.00897324,0.00895352,0.00893348,0.00891311,0.00889242,0.00887139,0.00885002,0.0088283,0.00880624,0.00878382,0.00876105,0.00873792,0.00871441,0.00869054,0.00866629,0.00864166,0.00861665,0.00859125,0.00856545,0.00853925,0.00851265,0.00848564,0.00845822,0.00843038,0.00840212,0.00837343,0.00834431,0.00831475,0.00828476,0.00825432,0.00822343,0.00819208,0.00816028,0.00812802,0.00809529,0.00806208,0.00802841,0.00799425,0.00795961,0.00792448,0.00788886,0.00785275,0.00781613,0.00777902,0.0077414,0.00770327,0.00766462,0.00762546,0.00758578,0.00754558,0.00750486,0.0074636,0.00742182,0.00737951,0.00733666,0.00729327,0.00724934,0.00720488,0.00715987,0.00711432,0.00706823,0.00702159,0.00697441,0.00692668,0.00687841,0.00682959,0.00678023,0.00673032,0.00667987,0.00662887,0.00657734,0.00652527,0.00647266,0.00641951,0.00636584,0.00631164,0.00625691,0.00620167,0.0061459,0.00608963,0.00603285,0.00597557,0.0059178,0.00585954,0.00580079,0.00574157,0.00568189,0.00562174,0.00556115,0.00550011,0.00543865,0.00537676,0.00531446,0.00525176,0.00518867,0.0051252,0.00506137,0.00499719,0.00493267,0.00486783,0.00480268,0.00473723,0.0046715,0.00460552,0.00453928,0.00447282,0.00440614,0.00433927,0.00427223,0.00420502,0.00413769,0.00407024,0.00400269,0.00393507,0.00386739,0.00379968,0.00373197,0.00366426,0.0035966,0.00352899,0.00346147,0.00339406,0.00332678,0.00325966,0.00319272,0.00312599,0.00305949,0.00299326,0.00292731,0.00286166,0.00279636,0.00273142,0.00266687,0.00260274,0.00253904,0.00247582,0.00241309,0.00235088,0.00228921,0.00222812,0.00216762,0.00210774,0.0020485,0.00198994,0.00193207,0.00187491,0.00181849,0.00176283,0.00170795,0.00165387,0.00160061,0.0015482,0.00149664,0.00144596,0.00139617,0.00134729,0.00129933,0.00125231,0.00120624,0.00116113,0.00111699,0.00107384,0.00103167,0.000990498,0.000950331,0.000911172,0.000873024,0.000835891,0.000799772,0.000764669,0.00073058,0.000697503,0.000665434,0.000634368,0.0006043,0.000575222,0.000547127,0.000520004,0.000493843,0.000468634,0.000444362,0.000421016,0.00039858,0.000377038,0.000356376,0.000336575,0.000317619,0.000299488,0.000282164,0.000265627,0.000249856,0.000234832,0.000220533,0.000206938,0.000194024,0.000181771,0.000170156,0.000159157,0.000148752,0.000138919,0.000129635,0.000120879,0.000112629,0.000104863,9.75605e-05,9.07002e-05,8.42615e-05,7.82243e-05,7.2569e-05,6.72763e-05,6.23276e-05,5.77047e-05,5.33899e-05,4.93662e-05,4.56173e-05,4.21272e-05,3.88807e-05,3.58633e-05,3.3061e-05,3.04603e-05,2.80487e-05,2.58139e-05,2.37444e-05,2.18294e-05,2.00585e-05,1.84219e-05,1.69104e-05,1.55154e-05,1.42287e-05,1.30426e-05,1.19499e-05,1.09439e-05,1.00184e-05,9.16736e-06,8.38537e-06,7.66729e-06,7.00835e-06,6.40412e-06,5.85045e-06,5.3435e-06,4.8797e-06,4.45573e-06,4.0685e-06,3.71516e-06,3.39302e-06,3.09964e-06,2.83271e-06,2.59011e-06,2.36987e-06,2.17014e-06,1.98923e-06,1.82557e-06,1.67768e-06,1.54422e-06,1.42392e-06,1.31561e-06,1.21824e-06,1.13078e-06,1.05233e-06,9.82036e-07,9.19111e-07,8.62835e-07,8.12544e-07,7.6763e-07,7.27536e-07,6.9175e-07,6.59808e-07,6.31287e-07,6.058e-07,5.83e-07,5.62572e-07,5.4423e-07,5.27721e-07,5.12814e-07,4.99306e-07,4.87015e-07,4.75778e-07,4.65453e-07,4.55914e-07,4.47049e-07,4.38763e-07,4.30971e-07,4.23599e-07,4.16585e-07,4.09873e-07,4.03417e-07,3.97177e-07,3.91119e-07,3.85216e-07,3.79442e-07,3.73779e-07,3.6821e-07,3.62722e-07,3.57302e-07,3.51944e-07,3.46639e-07,3.41382e-07,3.3617e-07,3.30998e-07,3.25865e-07,3.20769e-07,3.15708e-07,3.10684e-07,3.05695e-07,3.00741e-07,2.95824e-07,2.90943e-07,2.86099e-07,2.81294e-07,2.76528e-07,2.71802e-07,2.67117e-07,2.62473e-07,2.57873e-07,2.53317e-07,2.48806e-07,2.4434e-07,2.39922e-07,2.35551e-07,2.31228e-07,2.26955e-07,2.22732e-07,2.18559e-07,2.14438e-07,2.10369e-07,2.06352e-07,2.02388e-07,1.98478e-07,1.94622e-07,1.9082e-07,1.87072e-07,1.8338e-07,1.79742e-07,1.7616e-07,1.72632e-07,1.69161e-07,1.65744e-07,1.62383e-07,1.59078e-07,1.55827e-07,1.52632e-07,1.49491e-07,1.46405e-07,1.43374e-07,1.40396e-07,1.37472e-07,1.34601e-07,1.31783e-07,1.29017e-07,1.26303e-07,1.2364e-07,1.21028e-07,1.18467e-07,1.15955e-07,1.13492e-07,1.11077e-07,1.08711e-07,1.06391e-07,1.04118e-07,1.0189e-07,9.97077e-08,9.75695e-08,9.54749e-08,9.34232e-08,9.14137e-08,8.94456e-08,8.75183e-08,8.56309e-08,8.37828e-08,8.19732e-08,8.02015e-08,7.84669e-08,7.67687e-08,7.51062e-08,7.34788e-08,7.18856e-08,7.03262e-08,6.87997e-08,6.73056e-08,6.58431e-08,6.44117e-08,6.30107e-08,6.16395e-08,6.02974e-08,5.8984e-08,5.76986e-08,5.64406e-08,5.52095e-08,5.40047e-08,5.28257e-08,5.16719e-08,5.05428e-08,4.9438e-08,4.83568e-08,4.72989e-08,4.62636e-08,4.52506e-08,4.42594e-08,4.32895e-08,4.23405e-08,4.14119e-08,4.05033e-08,3.96143e-08,3.87445e-08,3.78933e-08,3.70606e-08,3.62457e-08,3.54485e-08,3.46684e-08,3.39051e-08,3.31582e-08,3.24274e-08,3.17124e-08,3.10127e-08,3.0328e-08,2.96581e-08,2.90025e-08,2.8361e-08,2.77332e-08,2.71188e-08,2.65176e-08,2.59292e-08,2.53533e-08,2.47897e-08,2.42381e-08,2.36982e-08,2.31698e-08,2.26526e-08,2.21463e-08,2.16507e-08,2.11656e-08,2.06907e-08,2.02259e-08,1.97708e-08,1.93253e-08,1.88892e-08,1.84623e-08,1.80443e-08,1.76352e-08,1.72346e-08,1.68424e-08,1.64585e-08,1.60827e-08,1.57148e-08,1.53546e-08,1.50021e-08,1.4657e-08,1.43192e-08,1.39885e-08,1.36649e-08,1.33482e-08,1.30382e-08,1.27349e-08,1.24381e-08,1.21476e-08,1.18635e-08,1.15855e-08,1.13136e-08,1.10476e-08,1.07875e-08,1.05331e-08,1.02843e-08,1.00411e-08,9.80335e-09,9.57093e-09,9.34376e-09,9.12177e-09,8.90485e-09,8.69292e-09,8.4859e-09,8.28369e-09,8.08621e-09,7.89338e-09,7.70512e-09,7.52134e-09,7.34196e-09,7.16691e-09,6.9961e-09,6.82945e-09,6.66689e-09,6.50833e-09,6.3537e-09,6.20292e-09,6.05592e-09,5.91261e-09,5.77292e-09,5.63678e-09,5.5041e-09,5.37482e-09,5.24885e-09,5.12612e-09,5.00656e-09,4.89009e-09,4.77664e-09,4.66614e-09,4.5585e-09,4.45366e-09,4.35154e-09,4.25207e-09,4.15517e-09,4.06079e-09,3.96884e-09,3.87925e-09,3.79196e-09,3.70689e-09,3.62398e-09,3.54315e-09,3.46435e-09,3.38751e-09,3.31255e-09,3.23942e-09,3.16805e-09,3.09838e-09,3.03035e-09,2.9639e-09,2.89898e-09,2.83551e-09,2.77346e-09,2.71276e-09,2.65336e-09,2.59521e-09,2.53826e-09,2.48247e-09,2.42778e-09,2.37415e-09,2.32154e-09,2.2699e-09,2.21921e-09,2.16941e-09,2.12047e-09,2.07236e-09,2.02505e-09,1.9785e-09,1.93269e-09,1.88759e-09,1.84317e-09,1.79941e-09,1.75629e-09,1.71379e-09,1.67188e-09,1.63056e-09,1.58981e-09,1.54961e-09,1.50995e-09,1.47082e-09,1.43221e-09,1.39411e-09,1.35653e-09,1.31944e-09,1.28285e-09,1.24676e-09,1.21116e-09,1.17605e-09,1.14143e-09,1.10731e-09,1.07367e-09,1.04054e-09,1.0079e-09,9.75771e-10,9.44146e-10,9.13031e-10,8.82433e-10,8.52355e-10,8.22804e-10,7.93785e-10,7.65302e-10,7.37362e-10,7.09969e-10,6.83129e-10,6.56848e-10,6.31129e-10,6.05977e-10,5.81398e-10,5.57393e-10,5.33968e-10,5.11124e-10,4.88866e-10,4.67193e-10,4.46108e-10,4.25612e-10,4.05706e-10,3.86387e-10,3.67657e-10,3.49513e-10,3.31953e-10,3.14973e-10,2.98572e-10,2.82743e-10,2.67483e-10,2.52786e-10,2.38646e-10,2.25056e-10,2.12009e-10,1.99496e-10,1.8751e-10,1.76041e-10,1.65079e-10,1.54615e-10,1.44638e-10,1.35137e-10,1.26101e-10,1.17517e-10,1.09374e-10,1.0166e-10,9.43607e-11,8.74645e-11,8.09579e-11,7.48275e-11,6.90601e-11,6.36422e-11,5.85602e-11,5.38007e-11,4.935e-11,4.51949e-11,4.13219e-11,3.77179e-11,3.43698e-11,3.12648e-11,2.83902e-11,2.57336e-11,2.32831e-11,2.10267e-11,1.8953e-11,1.70508e-11,1.53094e-11,1.37183e-11,1.22674e-11,1.09473e-11,9.74848e-12,8.66225e-12,7.68016e-12,6.79417e-12,5.9967e-12,5.28055e-12,4.63893e-12,4.06546e-12,3.55414e-12,3.09937e-12,2.69591e-12,2.3389e-12,2.0238e-12,1.74645e-12,1.50297e-12,1.28984e-12,1.10378e-12,9.41821e-13,8.01261e-13,6.7963e-13,5.74699e-13,4.84455e-13,4.07085e-13,3.40966e-13,2.84646e-13,2.36831e-13,1.96375e-13,1.62263e-13,1.33602e-13,1.09606e-13,8.95888e-14,7.29532e-14,5.918e-14,4.78206e-14,3.84886e-14,3.08528e-14,2.46303e-14,1.95805e-14,1.54997e-14,1.22162e-14,9.58567e-15,7.48772e-15,5.82211e-15,4.50586e-15,3.47059e-15,2.66024e-15,2.02902e-15,1.5398e-15,1.16255e-15,8.7315e-16,6.52307e-16,4.84683e-16,3.58148e-16,2.63162e-16,1.92262e-16,1.39645e-16,1.00826e-16,7.23583e-17,5.16086e-17,3.65784e-17,2.576e-17,1.80232e-17,1.25266e-17,8.64751e-18,5.92864e-18,4.03616e-18,2.72819e-18,1.83069e-18,1.21936e-18,8.0605e-19,5.28747e-19,3.44133e-19,2.22194e-19,1.423e-19,9.03803e-20,5.69213e-20,3.55418e-20,2.19987e-20,1.34951e-20,8.20366e-21,4.94101e-21,2.94799e-21,1.74205e-21,1.0194e-21,5.90608e-22,3.3872e-22,1.9226e-22,1.07984e-22,6.00025e-23,3.29784e-23,1.79247e-23,9.63265e-24,5.11706e-24,2.68648e-24,1.3936e-24,7.14148e-25,3.61439e-25,1.80625e-25,8.91073e-26,4.33849e-26,2.08424e-26,9.8771e-27,4.61612e-27,2.12704e-27,9.6608e-28,4.32386e-28,1.90648e-28,8.27893e-29,3.53976e-29,1.48973e-29,6.16944e-30,2.51339e-30,1.00697e-30,3.96622e-31,1.53536e-31
inferred-iicr-1,9993.87,9993.87,9993.88,9993.88,9993.88,9993.89,9993.89,9993.89,9993.9,9993.9,9993.91,9993.91,9993.91,9993.92,9993.92,9993.93,9993.93,9993.94,9993.94,9993.94,9993.95,9993.95,9993.96,9993.96,9993.97,9993.97,9993.98,9993.98,9993.99,9993.99,9994,9994.01,9994.01,9994.02,9994.02,9994.03,9994.04,9994.04,9994.05,9994.06,9994.06,9994.07,9994.08,9994.08,9994.09,9994.1,9994.11,9994.11,9994.12,9994.13,9994.14,9994.15,9994.15,9994.16,9994.17,9994.18,9994.19,9994.2,9994.21,9994.22,9994.23,9994.24,9994.25,9994.26,9994.27,9994.28,9994.29,9994.3,9994.31,9994.32,9994.34,9994.35,9994.36,9994.37,9994.38,9994.4,9994.41,9994.42,9994.44,9994.45,9994.47,9994.48,9994.49,9994.51,9994.52,9994.54,9994.56,9994.57,9994.59,9994.61,9994.62,9994.64,9994.66,9994.67,9994.69,9994.71,9994.73,9994.75,9994.77,9994.79,9994.81,9994.83,9994.85,9994.87,9994.9,9994.92,9994.94,9994.96,9994.99,9995.01,9995.04,9995.06,9995.09,9995.11,9995.14,9995.17,9995.19,9995.22,9995.25,9995.28,9995.31,9995.34,9995.37,9995.4,9995.43,9995.46,9995.5,9995.53,9995.57,9995.6,9995.64,9995.67,9995.71,9995.75,9995.78,9995.82,9995.86,9995.9,9995.94,9995.99,9996.03,9996.07,9996.12,9996.16,9996.21,9996.25,9996.3,9996.35,9996.4,9996.45,9996.5,9996.55,9996.61,9996.66,9996.72,9996.77,9996.83,9996.89,9996.95,9997.01,9997.07,9997.13,9997.2,9997.26,9997.33,9997.4,9997.47,9997.54,9997.61,9997.68,9997.76,9997.83,9997.91,9997.99,9998.07,9998.15,9998.23,9998.32,9998.4,9998.49,9998.58,9998.67,9998.76,9998.86,9998.95,9999.05,9999.15,9999.25,9999.36,9999.46,9999.57,9999.68,9999.79,9999.9,10000,10000.1,10000.3,10000.4,10000.5,10000.6,10000.8,10000.9,10001,10001.2,10001.3,10001.4,10001.6,10001.7,10001.9,10002,10002.2,10002.4,10002.5,10002.7,10002.8,10003,10003.2,10003.4,10003.5,10003.7,10003.9,10004.1,10004.3,10004.5,10004.7,10004.9,10005.1,10005.3,10005.5,10005.8,10006,10006.2,10006.5,10006.7,10006.9,10007.2,10007.4,10007.7,10008,10008.2,10008.5,10008.8,10009,10009.3,10009.6,10009.9,10010.2,10010.5,10010.9,10011.2,10011.5,10011.8,10012.2,10012.5,10012.9,10013.2,10013.6,10014,10014.3,10014.7,10015.1,10015.5,10015.9,10016.3,10016.8,10017.2,10017.6,10018.1,10018.5,10019,10019.5,10020,10020.4,10020.9,10021.5,10022,10022.5,10023,10023.6,10024.2,10024.7,10025.3,10025.9,10026.5,10027.1,10027.7,10028.4,10029,10029.7,10030.4,10031,10031.7,10032.5,10033.2,10033.9,10034.7,10035.5,10036.2,10037,10037.8,10038.7,10039.5,10040.4,10041.3,10042.1,10043.1,10044,10044.9,10045.9,10046.9,10047.9,10048.9,10049.9,10051,10052.1,10053.2,10054.3,10055.4,10056.6,10057.8,10059,10060.2,10061.4,10062.7,10064,10065.4,10066.7,10068.1,10069.5,10070.9,10072.4,10073.9,10075.4,10076.9,10078.5,10080.1,10081.7,10083.4,10085.1,10086.8,10088.6,10090.4,10092.2,10094.1,10096,10097.9,10099.9,10101.9,10103.9,10106,10108.2,10110.3,10112.6,10114.8,10117.1,10119.5,10121.9,10124.3,10126.8,10129.3,10131.9,10134.5,10137.2,10140,10142.8,10145.6,10148.5,10151.5,10154.5,10157.6,10160.7,10163.9,10167.2,10170.5,10173.9,10177.4,10180.9,10184.5,10188.2,10191.9,10195.7,10199.6,10203.6,10207.7,10211.8,10216,10220.3,10224.7,10229.2,10233.7,10238.4,10243.1,10248,10252.9,10258,10263.1,10268.4,10273.8,10279.2,10284.8,10290.5,10296.3,10302.2,10308.3,10314.5,10320.8,10327.2,10333.8,10340.5,10347.3,10354.3,10361.5,10368.7,10376.2,10383.8,10391.5,10399.5,10407.5,10415.8,10424.2,10432.8,10441.6,10450.6,10459.8,10469.2,10478.7,10488.5,10498.5,10508.7,10519.2,10529.8,10540.7,10551.8,10563.2,10574.9,10586.7,10598.9,10611.3,10624,10637,10650.3,10663.9,10677.7,10691.9,10706.5,10721.3,10736.5,10752.1,10768,10784.2,10800.9,10817.9,10835.4,10853.2,10871.5,10890.2,10909.4,10929,10949.1,10969.6,10990.7,11012.3,11034.4,11057,11080.2,11104,11128.3,11153.3,11178.9,11205.2,11232.1,11259.7,11288,11317,11346.8,11377.3,11408.7,11440.8,11473.9,11507.8,11542.6,11578.3,11615,11652.7,11691.4,11731.2,11772,11814.1,11857.2,11901.6,11947.3,11994.2,12042.5,12092.2,12143.3,12195.9,12250.1,12305.8,12363.3,12422.4,12483.3,12546.1,12610.8,12677.4,12746.2,12817.1,12890.2,12965.6,13043.4,13123.8,13206.7,13292.4,13380.9,13472.3,13566.7,13664.3,13765.3,13869.7,13977.7,14089.4,14205.1,14324.8,14448.8,14577.3,14710.3,14848.3,14991.3,15139.7,15293.5,15453.2,15619,15791.1,15969.9,16155.7,16348.7,16549.5,16758.3,16975.5,17201.6,17437,17682.1,17937.5,18203.7,18481.2,18770.6,19072.6,19387.7,19716.7,20060.3,20419.3,20794.5,21186.8,21597.1,22026.4,22475.7,22946.1,23438.8,23955,24495.9,25063,25657.8,26281.7,26936.4,27623.6,28345,29102.7,29898.6,30734.8,31613.5,32537.1,33508,34528.7,35601.9,36730.3,37916.9,39164.6,40476.4,41855.5,43305.1,44828.5,46429,48109.9,49874.5,51726.1,53667.8,55702.6,57833.5,60063.1,62393.6,64827,67364.9,70008.3,72757.5,75612.2,78571.4,81633.2,84794.6,88051.7,91399.6,94832.2,98342.1,101921,105559,109246,112969,116716,120474,124227,127963,131665,135319,138910,142424,145847,149168,152374,155457,158406,161216,163881,166396,168761,170973,173035,174948,176715,178340,179830,181189,182425,183544,184554,185461,186273,186998,187642,188213,188716,189159,189547,189887,190182,190438,190659,190850,191014,191154,191273,191375,191461,191533,191594,191645,191687,191723,191752,191776,191796,191812,191825,191836,191845,191852,191857,191862,191865,191868,191870,191872,191873,191874,191875,191875,191876,191876,191877,191877,191877,191877,191877,191877,191877,191877,191877,191877,191877,191877,191877,191877,191877,191877,191877,191877,191877,191877,191877,191877,191877,191877,191877,191877,191877,191877,191877,191877,191877,191877,191877,191877,191877,191877,191877,191877,191877,191877,191877,191877,191877,191877,191877,191877,191877,191877,191877,191877,191877,191877,191877,191877,191877,191877,191877,191877,191877,191877,191877,191877,191877,191877,191877,191877,191877,191877,191877,191877,191877,191877,191877,191877,191877,191877,191877,191877,191877,191877,191877,191877,191877,191877,191877,191877,191877,191877,191877,191877,191877,191877,191877,191877,191877,191877,191877,191877,191877,191877,191877,191877,191877,191877,191877,191877,191877,191877,191877,191877,191877,191877,191877,191877,191877,191877,191877,191877,191877,191877,191877,191877,191877,191877,191877,191877,191877,191877,191877,191877,191877,191877,191877,191877,191877,191877,191877,191877,191877,191877,191877,191877,191877,191877,191877,191877,191877,191877,191877,191877,191877,191877,191877,191877,191877,191877,191877,191877,191877,191877,191877,191877,191877,191877,191877,191877,191877,191877,191877,191877,191877,191877,191877,191877,191877,191877,191877,191877,191877,191877,191877,191877,191877,191877,191877,191877,191877,191878,191877,191877,191879,191878,191880,191886,191870,191883,191896,191871,191820,191974,191755
inferred-cdf-1,5.00299e-05,5.01453e-05,5.10785e-05,5.2029e-05,5.29973e-05,5.39835e-05,5.49881e-05,5.60114e-05,5.70538e-05,5.81155e-05,5.9197e-05,6.02986e-05,6.14207e-05,6.25637e-05,6.3728e-05,6.49139e-05,6.61219e-05,6.73524e-05,6.86058e-05,6.98825e-05,7.1183e-05,7.25076e-05,7.38569e-05,7.52314e-05,7.66314e-05,7.80574e-05,7.951e-05,8.09896e-05,8.24968e-05,8.40319e-05,8.55957e-05,8.71886e-05,8.88111e-05,9.04637e-05,9.21472e-05,9.38619e-05,9.56086e-05,9.73878e-05,9.92001e-05,0.000101046,0.000102926,0.000104842,0.000106793,0.00010878,0.000110804,0.000112866,0.000114967,0.000117106,0.000119285,0.000121505,0.000123766,0.000126069,0.000128415,0.000130805,0.000133239,0.000135718,0.000138243,0.000140816,0.000143436,0.000146105,0.000148824,0.000151594,0.000154414,0.000157288,0.000160215,0.000163196,0.000166233,0.000169326,0.000172477,0.000175686,0.000178955,0.000182285,0.000185677,0.000189132,0.000192652,0.000196236,0.000199888,0.000203607,0.000207396,0.000211255,0.000215186,0.00021919,0.000223269,0.000227423,0.000231655,0.000235965,0.000240356,0.000244828,0.000249384,0.000254024,0.000258751,0.000263565,0.000268469,0.000273465,0.000278553,0.000283736,0.000289015,0.000294393,0.00029987,0.00030545,0.000311133,0.000316922,0.000322819,0.000328825,0.000334943,0.000341175,0.000347523,0.000353989,0.000360575,0.000367284,0.000374117,0.000381078,0.000388168,0.00039539,0.000402746,0.000410239,0.000417871,0.000425646,0.000433565,0.000441631,0.000449847,0.000458216,0.000466741,0.000475425,0.000484269,0.000493279,0.000502456,0.000511803,0.000521324,0.000531023,0.000540902,0.000550964,0.000561214,0.000571654,0.000582288,0.000593121,0.000604154,0.000615393,0.00062684,0.000638501,0.000650378,0.000662477,0.0006748,0.000687352,0.000700138,0.000713161,0.000726427,0.000739939,0.000753702,0.000767721,0.000782001,0.000796546,0.000811362,0.000826453,0.000841825,0.000857482,0.00087343,0.000889675,0.000906222,0.000923077,0.000940244,0.000957731,0.000975543,0.000993685,0.00101217,0.00103099,0.00105016,0.00106969,0.00108958,0.00110985,0.00113048,0.00115151,0.00117292,0.00119473,0.00121695,0.00123957,0.00126262,0.0012861,0.00131001,0.00133437,0.00135918,0.00138445,0.00141019,0.00143641,0.00146311,0.00149032,0.00151802,0.00154624,0.00157499,0.00160427,0.00163409,0.00166447,0.00169541,0.00172692,0.00175902,0.00179172,0.00182502,0.00185894,0.00189349,0.00192868,0.00196453,0.00200104,0.00203823,0.0020761,0.00211469,0.00215398,0.00219401,0.00223478,0.0022763,0.0023186,0.00236168,0.00240556,0.00245025,0.00249577,0.00254214,0.00258937,0.00263747,0.00268646,0.00273636,0.00278719,0.00283896,0.00289169,0.0029454,0.0030001,0.00305582,0.00311257,0.00317037,0.00322924,0.0032892,0.00335027,0.00341248,0.00347583,0.00354036,0.00360609,0.00367303,0.00374121,0.00381066,0.00388139,0.00395343,0.0040268,0.00410153,0.00417764,0.00425516,0.00433412,0.00441453,0.00449644,0.00457986,0.00466482,0.00475135,0.00483948,0.00492924,0.00502066,0.00511377,0.0052086,0.00530519,0.00540355,0.00550374,0.00560577,0.00570969,0.00581553,0.00592332,0.0060331,0.00614491,0.00625878,0.00637475,0.00649286,0.00661315,0.00673565,0.00686042,0.00698749,0.00711689,0.00724868,0.0073829,0.0075196,0.00765881,0.00780058,0.00794497,0.00809201,0.00824175,0.00839426,0.00854956,0.00870773,0.0088688,0.00903283,0.00919988,0.00937,0.00954324,0.00971966,0.00989932,0.0100823,0.0102686,0.0104583,0.0106516,0.0108483,0.0110487,0.0112527,0.0114605,0.0116721,0.0118875,0.0121069,0.0123303,0.0125578,0.0127895,0.0130254,0.0132656,0.0135102,0.0137593,0.0140129,0.0142711,0.0145341,0.0148018,0.0150744,0.015352,0.0156347,0.0159225,0.0162155,0.0165138,0.0168176,0.0171269,0.0174419,0.0177625,0.018089,0.0184214,0.0187598,0.0191044,0.0194551,0.0198123,0.0201759,0.0205461,0.020923,0.0213067,0.0216973,0.0220949,0.0224998,0.0229119,0.0233315,0.0237586,0.0241934,0.024636,0.0250866,0.0255453,0.0260122,0.0264875,0.0269713,0.0274637,0.027965,0.0284752,0.0289946,0.0295232,0.0300613,0.0306089,0.0311663,0.0317336,0.0323111,0.0328987,0.0334968,0.0341056,0.0347251,0.0353555,0.0359971,0.0366501,0.0373146,0.0379908,0.0386789,0.0393791,0.0400916,0.0408167,0.0415544,0.0423051,0.0430689,0.0438461,0.0446368,0.0454414,0.0462599,0.0470927,0.0479399,0.0488018,0.0496787,0.0505707,0.0514782,0.0524013,0.0533403,0.0542954,0.055267,0.0562552,0.0572603,0.0582826,0.0593223,0.0603798,0.0614552,0.0625489,0.0636612,0.0647922,0.0659423,0.0671119,0.068301,0.0695102,0.0707396,0.0719895,0.0732603,0.0745523,0.0758657,0.0772009,0.0785581,0.0799378,0.0813401,0.0827655,0.0842142,0.0856866,0.0871829,0.0887036,0.0902489,0.0918192,0.0934148,0.095036,0.0966832,0.0983567,0.100057,0.101784,0.103539,0.105321,0.107131,0.108969,0.110837,0.112733,0.114659,0.116614,0.118599,0.120615,0.122662,0.12474,0.126849,0.12899,0.131163,0.133369,0.135607,0.137879,0.140184,0.142523,0.144896,0.147303,0.149745,0.152222,0.154735,0.157283,0.159868,0.162488,0.165145,0.167839,0.17057,0.173339,0.176145,0.178989,0.181871,0.184791,0.187751,0.190749,0.193786,0.196862,0.199977,0.203133,0.206327,0.209562,0.212837,0.216152,0.219507,0.222903,0.226339,0.229815,0.233332,0.236889,0.240487,0.244126,0.247804,0.251524,0.255283,0.259083,0.262923,0.266803,0.270722,0.274682,0.27868,0.282718,0.286795,0.29091,0.295064,0.299255,0.303484,0.30775,0.312052,0.316391,0.320766,0.325176,0.32962,0.334098,0.33861,0.343154,0.34773,0.352338,0.356976,0.361643,0.366339,0.371064,0.375815,0.380592,0.385395,0.390221,0.39507,0.399942,0.404833,0.409745,0.414675,0.419621,0.424584,0.429561,0.434551,0.439552,0.444564,0.449585,0.454613,0.459647,0.464685,0.469726,0.474767,0.479808,0.484847,0.489882,0.494911,0.499932,0.504944,0.509945,0.514934,0.519907,0.524865,0.529804,0.534722,0.539619,0.544492,0.549339,0.554159,0.55895,0.563709,0.568435,0.573126,0.577781,0.582397,0.586973,0.591507,0.595998,0.600443,0.604842,0.609192,0.613492,0.61774,0.621936,0.626077,0.630163,0.634191,0.638162,0.642073,0.645923,0.649712,0.653439,0.657103,0.660702,0.664237,0.667706,0.671109,0.674446,0.677717,0.68092,0.684056,0.687125,0.690126,0.693061,0.695928,0.698729,0.701463,0.704131,0.706735,0.709273,0.711747,0.714159,0.716508,0.718796,0.721024,0.723193,0.725304,0.727359,0.729359,0.731305,0.733199,0.735042,0.736837,0.738584,0.740285,0.741943,0.743558,0.745133,0.74667,0.74817,0.749635,0.751067,0.752468,0.753839,0.755184,0.756502,0.757797,0.759071,0.760324,0.761559,0.762777,0.763981,0.765171,0.76635,0.767519,0.768679,0.769833,0.770981,0.772125,0.773266,0.774406,0.775546,0.776686,0.777829,0.778975,0.780125,0.78128,0.782441,0.78361,0.784785,0.78597,0.787163,0.788367,0.78958,0.790805,0.792041,0.793289,0.79455,0.795823,0.797109,0.798409,0.799722,0.80105,0.802391,0.803748,0.805118,0.806504,0.807904,0.809319,0.81075,0.812195,0.813655,0.815131,0.816622,0.818128,0.819649,0.821185,0.822736,0.824302,0.825883,0.827478,0.829088,0.830713,0.832352,0.834005,0.835672,0.837353,0.839047,0.840755,0.842476,0.84421,0.845956,0.847715,0.849486,0.851269,0.853063,0.854868,0.856684,0.858511,0.860347,0.862194,0.864049,0.865914,0.867786,0.869667,0.871556,0.873451,0.875353,0.87726,0.879174,0.881092,0.883015,0.884941,0.886871,0.888803,0.890738,0.892673,0.89461,0.896547,0.898483,0.900418,0.902351,0.904281,0.906208,0.908131,0.91005,0.911963,0.913869,0.915769,0.917661,0.919544,0.921419,0.923283,0.925136,0.926978,0.928808,0.930625,0.932427,0.934215,0.935988,0.937745,0.939485,0.941207,0.942911,0.944596,0.946261,0.947905,0.949529,0.95113,0.95271,0.954266,0.955798,0.957307,0.95879,0.960248,0.96168,0.963086,0.964465,0.965817,0.967141,0.968436,0.969704,0.970943,0.972152,0.973333,0.974484,0.975605,0.976697,0.977759,0.97879,0.979792,0.980764,0.981706,0.982618,0.9835,0.984353,0.985176,0.98597,0.986735,0.987471,0.988179,0.98886,0.989512,0.990138,0.990736,0.991309,0.991856,0.992377,0.992874,0.993347,0.993797,0.994224,0.994628,0.995011,0.995373,0.995715,0.996037,0.99634,0.996625,0.996893,0.997143,0.997378,0.997597,0.997801,0.997992,0.998169,0.998333,0.998485,0.998626,0.998756,0.998876,0.998986,0.999087,0.999179,0.999264,0.999341,0.999412,0.999476,0.999534,0.999586,0.999634,0.999676,0.999715,0.999749,0.99978,0.999807,0.999832,0.999854,0.999873,0.99989,0.999905,0.999918,0.99993,0.99994,0.999948,0.999956,0.999963,0.999968,0.999973,0.999978,0.999981,0.999984,0.999987,0.999989,0.999991,0.999993,0.999994,0.999995,0.999996,0.999997,0.999997,0.999998,0.999998,0.999999,0.999999,0.999999,0.999999,0.999999,1,1,1,1,1,1,1,1,1,1,1,1,1,1,1,1,1,1,1,1,1,1,1,1,1,1,1,1,1,1,1,1,1,1,1,1,1
inferred-pdf-1,0.000100056,0.000100056,0.000100056,0.000100056,0.000100056,0.000100056,0.000100056,0.000100055,0.000100055,0.000100055,0.000100055,0.000100055,0.000100055,0.000100055,0.000100054,0.000100054,0.000100054,0.000100054,0.000100054,0.000100054,0.000100053,0.000100053,0.000100053,0.000100053,0.000100053,0.000100052,0.000100052,0.000100052,0.000100052,0.000100052,0.000100051,0.000100051,0.000100051,0.000100051,0.000100051,0.00010005,0.00010005,0.00010005,0.00010005,0.000100049,0.000100049,0.000100049,0.000100049,0.000100048,0.000100048,0.000100048,0.000100047,0.000100047,0.000100047,0.000100047,0.000100046,0.000100046,0.000100046,0.000100045,0.000100045,0.000100045,0.000100044,0.000100044,0.000100044,0.000100043,0.000100043,0.000100042,0.000100042,0.000100042,0.000100041,0.000100041,0.000100041,0.00010004,0.00010004,0.000100039,0.000100039,0.000100038,0.000100038,0.000100037,0.000100037,0.000100036,0.000100036,0.000100035,0.000100035,0.000100034,0.000100034,0.000100033,0.000100033,0.000100032,0.000100032,0.000100031,0.00010003,0.00010003,0.000100029,0.000100029,0.000100028,0.000100027,0.000100027,0.000100026,0.000100025,0.000100025,0.000100024,0.000100023,0.000100022,0.000100022,0.000100021,0.00010002,0.000100019,0.000100018,0.000100018,0.000100017,0.000100016,0.000100015,0.000100014,0.000100013,0.000100012,0.000100011,0.00010001,0.000100009,0.000100008,0.000100007,0.000100006,0.000100005,0.000100004,0.000100003,0.000100002,0.000100001,9.99996e-05,9.99985e-05,9.99973e-05,9.9996e-05,9.99948e-05,9.99935e-05,9.99922e-05,9.99909e-05,9.99895e-05,9.99882e-05,9.99868e-05,9.99854e-05,9.99839e-05,9.99824e-05,9.99809e-05,9.99794e-05,9.99779e-05,9.99763e-05,9.99747e-05,9.9973e-05,9.99713e-05,9.99696e-05,9.99679e-05,9.99661e-05,9.99643e-05,9.99625e-05,9.99606e-05,9.99587e-05,9.99568e-05,9.99548e-05,9.99528e-05,9.99507e-05,9.99486e-05,9.99465e-05,9.99443e-05,9.99421e-05,9.99399e-05,9.99376e-05,9.99352e-05,9.99329e-05,9.99304e-05,9.9928e-05,9.99255e-05,9.99229e-05,9.99203e-05,9.99176e-05,9.99149e-05,9.99122e-05,9.99094e-05,9.99065e-05,9.99036e-05,9.99006e-05,9.98976e-05,9.98945e-05,9.98914e-05,9.98882e-05,9.9885e-05,9.98816e-05,9.98783e-05,9.98748e-05,9.98713e-05,9.98678e-05,9.98641e-05,9.98604e-05,9.98567e-05,9.98528e-05,9.98489e-05,9.98449e-05,9.98409e-05,9.98368e-05,9.98325e-05,9.98283e-05,9.98239e-05,9.98195e-05,9.98149e-05,9.98103e-05,9.98056e-05,9.98008e-05,9.9796e-05,9.9791e-05,9.97859e-05,9.97808e-05,9.97755e-05,9.97702e-05,9.97647e-05,9.97592e-05,9.97536e-05,9.97478e-05,9.97419e-05,9.9736e-05,9.97299e-05,9.97237e-05,9.97174e-05,9.9711e-05,9.97044e-05,9.96978e-05,9.9691e-05,9.96841e-05,9.9677e-05,9.96699e-05,9.96626e-05,9.96551e-05,9.96476e-05,9.96398e-05,9.9632e-05,9.9624e-05,9.96158e-05,9.96075e-05,9.95991e-05,9.95904e-05,9.95817e-05,9.95727e-05,9.95636e-05,9.95543e-05,9.95449e-05,9.95353e-05,9.95255e-05,9.95155e-05,9.95054e-05,9.9495e-05,9.94845e-05,9.94737e-05,9.94628e-05,9.94517e-05,9.94403e-05,9.94288e-05,9.9417e-05,9.9405e-05,9.93928e-05,9.93804e-05,9.93677e-05,9.93548e-05,9.93417e-05,9.93283e-05,9.93147e-05,9.93008e-05,9.92867e-05,9.92723e-05,9.92576e-05,9.92427e-05,9.92275e-05,9.9212e-05,9.91962e-05,9.91802e-05,9.91638e-05,9.91472e-05,9.91302e-05,9.91129e-05,9.90953e-05,9.90774e-05,9.90592e-05,9.90406e-05,9.90216e-05,9.90024e-05,9.89827e-05,9.89627e-05,9.89424e-05,9.89216e-05,9.89005e-05,9.8879e-05,9.88571e-05,9.88348e-05,9.88121e-05,9.8789e-05,9.87654e-05,9.87414e-05,9.8717e-05,9.86921e-05,9.86668e-05,9.8641e-05,9.86147e-05,9.8588e-05,9.85607e-05,9.8533e-05,9.85047e-05,9.8476e-05,9.84467e-05,9.84169e-05,9.83865e-05,9.83555e-05,9.8324e-05,9.8292e-05,9.82593e-05,9.82261e-05,9.81922e-05,9.81577e-05,9.81226e-05,9.80869e-05,9.80505e-05,9.80134e-05,9.79757e-05,9.79372e-05,9.78981e-05,9.78583e-05,9.78177e-05,9.77764e-05,9.77344e-05,9.76915e-05,9.7648e-05,9.76036e-05,9.75584e-05,9.75124e-05,9.74655e-05,9.74179e-05,9.73693e-05,9.73199e-05,9.72696e-05,9.72183e-05,9.71662e-05,9.71131e-05,9.7059e-05,9.7004e-05,9.6948e-05,9.68909e-05,9.68329e-05,9.67738e-05,9.67136e-05,9.66524e-05,9.659e-05,9.65265e-05,9.64619e-05,9.63962e-05,9.63293e-05,9.62611e-05,9.61918e-05,9.61212e-05,9.60493e-05,9.59762e-05,9.59018e-05,9.5826e-05,9.57489e-05,9.56704e-05,9.55906e-05,9.55093e-05,9.54266e-05,9.53424e-05,9.52567e-05,9.51695e-05,9.50808e-05,9.49905e-05,9.48986e-05,9.48051e-05,9.47099e-05,9.46131e-05,9.45146e-05,9.44143e-05,9.43123e-05,9.42086e-05,9.4103e-05,9.39955e-05,9.38862e-05,9.3775e-05,9.36619e-05,9.35468e-05,9.34297e-05,9.33105e-05,9.31893e-05,9.30661e-05,9.29407e-05,9.28131e-05,9.26834e-05,9.25514e-05,9.24171e-05,9.22806e-05,9.21418e-05,9.20005e-05,9.18569e-05,9.17108e-05,9.15623e-05,9.14112e-05,9.12576e-05,9.11014e-05,9.09426e-05,9.07811e-05,9.06169e-05,9.045e-05,9.02802e-05,9.01077e-05,8.99323e-05,8.97539e-05,8.95726e-05,8.93884e-05,8.92011e-05,8.90107e-05,8.88172e-05,8.86205e-05,8.84207e-05,8.82175e-05,8.80111e-05,8.78014e-05,8.75883e-05,8.73717e-05,8.71517e-05,8.69281e-05,8.6701e-05,8.64703e-05,8.6236e-05,8.59979e-05,8.57561e-05,8.55105e-05,8.52611e-05,8.50078e-05,8.47506e-05,8.44893e-05,8.42241e-05,8.39548e-05,8.36814e-05,8.34038e-05,8.31221e-05,8.28361e-05,8.25457e-05,8.22511e-05,8.19521e-05,8.16486e-05,8.13407e-05,8.10282e-05,8.07112e-05,8.03896e-05,8.00633e-05,7.97324e-05,7.93967e-05,7.90562e-05,7.8711e-05,7.83609e-05,7.80059e-05,7.7646e-05,7.72811e-05,7.69113e-05,7.65364e-05,7.61564e-05,7.57713e-05,7.53811e-05,7.49858e-05,7.45853e-05,7.41795e-05,7.37685e-05,7.33523e-05,7.29308e-05,7.25039e-05,7.20717e-05,7.16342e-05,7.11914e-05,7.07431e-05,7.02895e-05,6.98305e-05,6.9366e-05,6.88962e-05,6.8421e-05,6.79403e-05,6.74543e-05,6.69628e-05,6.6466e-05,6.59638e-05,6.54562e-05,6.49433e-05,6.44251e-05,6.39015e-05,6.33727e-05,6.28386e-05,6.22993e-05,6.17549e-05,6.12053e-05,6.06506e-05,6.00909e-05,5.95262e-05,5.89566e-05,5.83821e-05,5.78028e-05,5.72188e-05,5.66301e-05,5.60368e-05,5.54391e-05,5.48369e-05,5.42304e-05,5.36197e-05,5.30049e-05,5.23861e-05,5.17634e-05,5.11369e-05,5.05067e-05,4.9873e-05,4.92359e-05,4.85956e-05,4.79521e-05,4.73057e-05,4.66565e-05,4.60046e-05,4.53502e-05,4.46935e-05,4.40346e-05,4.33738e-05,4.27112e-05,4.2047e-05,4.13814e-05,4.07145e-05,4.00467e-05,3.93781e-05,3.8709e-05,3.80394e-05,3.73698e-05,3.67002e-05,3.6031e-05,3.53623e-05,3.46944e-05,3.40276e-05,3.3362e-05,3.2698e-05,3.20358e-05,3.13756e-05,3.07177e-05,3.00624e-05,2.94098e-05,2.87604e-05,2.81143e-05,2.74718e-05,2.68332e-05,2.61988e-05,2.55687e-05,2.49433e-05,2.43228e-05,2.37076e-05,2.30977e-05,2.24936e-05,2.18955e-05,2.13036e-05,2.07181e-05,2.01394e-05,1.95676e-05,1.9003e-05,1.84458e-05,1.78963e-05,1.73546e-05,1.6821e-05,1.62957e-05,1.57789e-05,1.52707e-05,1.47714e-05,1.42811e-05,1.38e-05,1.33282e-05,1.28659e-05,1.24132e-05,1.19703e-05,1.15372e-05,1.1114e-05,1.07009e-05,1.02979e-05,9.9051e-06,9.52251e-06,9.15019e-06,8.78816e-06,8.43645e-06,8.09505e-06,7.76395e-06,7.44313e-06,7.13256e-06,6.83218e-06,6.54194e-06,6.26175e-06,5.99154e-06,5.7312e-06,5.48064e-06,5.23971e-06,5.00831e-06,4.78627e-06,4.57345e-06,4.36969e-06,4.17482e-06,3.98865e-06,3.81099e-06,3.64165e-06,3.48043e-06,3.32711e-06,3.18148e-06,3.04332e-06,2.9124e-06,2.78849e-06,2.67135e-06,2.56076e-06,2.45647e-06,2.35824e-06,2.26584e-06,2.17902e-06,2.09754e-06,2.02117e-06,1.94967e-06,1.88281e-06,1.82035e-06,1.76207e-06,1.70775e-06,1.65716e-06,1.6101e-06,1.56636e-06,1.52572e-06,1.48801e-06,1.45302e-06,1.42057e-06,1.3905e-06,1.36262e-06,1.33677e-06,1.3128e-06,1.29057e-06,1.26993e-06,1.25075e-06,1.2329e-06,1.21626e-06,1.20072e-06,1.18619e-06,1.17255e-06,1.15972e-06,1.14761e-06,1.13615e-06,1.12525e-06,1.11486e-06,1.10492e-06,1.09535e-06,1.08612e-06,1.07718e-06,1.06848e-06,1.05999e-06,1.05167e-06,1.04349e-06,1.03541e-06,1.02742e-06,1.0195e-06,1.01162e-06,1.00377e-06,9.95926e-07,9.88082e-07,9.80224e-07,9.72343e-07,9.64429e-07,9.56476e-07,9.48476e-07,9.40426e-07,9.3232e-07,9.24155e-07,9.15928e-07,9.07636e-07,8.99279e-07,8.90854e-07,8.8236e-07,8.73798e-07,8.65166e-07,8.56465e-07,8.47695e-07,8.38857e-07,8.2995e-07,8.20977e-07,8.11937e-07,8.02832e-07,7.93664e-07,7.84433e-07,7.75141e-07,7.65789e-07,7.5638e-07,7.46914e-07,7.37395e-07,7.27823e-07,7.182e-07,7.0853e-07,6.98813e-07,6.89053e-07,6.79251e-07,6.6941e-07,6.59532e-07,6.4962e-07,6.39677e-07,6.29706e-07,6.19709e-07,6.09688e-07,5.99648e-07,5.89591e-07,5.79521e-07,5.69439e-07,5.5935e-07,5.49258e-07,5.39164e-07,5.29074e-07,5.1899e-07,5.08916e-07,4.98855e-07,4.88811e-07,4.78789e-07,4.68791e-07,4.58822e-07,4.48885e-07,4.38984e-07,4.29124e-07,4.19308e-07,4.0954e-07,3.99824e-07,3.90164e-07,3.80564e-07,3.71029e-07,3.61561e-07,3.52166e-07,3.42847e-07,3.33608e-07,3.24453e-07,3.15386e-07,3.0641e-07,2.9753e-07,2.88749e-07,2.80072e-07,2.715e-07,2.63039e-07,2.54692e-07,2.46461e-07,2.38351e-07,2.30364e-07,2.22504e-07,2.14772e-07,2.07174e-07,1.9971e-07,1.92383e-07,1.85197e-07,1.78152e-07,1.71252e-07,1.64499e-07,1.57893e-07,1.51437e-07,1.45132e-07,1.3898e-07,1.32981e-07,1.27137e-07,1.21448e-07,1.15915e-07,1.10537e-07,1.05317e-07,1.00252e-07,9.53435e-08,9.05906e-08,8.59928e-08,8.15493e-08,7.72591e-08,7.31209e-08,6.91336e-08,6.52955e-08,6.1605e-08,5.80602e-08,5.4659e-08,5.13993e-08,4.82788e-08,4.52948e-08,4.24449e-08,3.97261e-08,3.71358e-08,3.46708e-08,3.23281e-08,3.01045e-08,2.79967e-08,2.60013e-08,2.41149e-08,2.2334e-08,2.06552e-08,1.90748e-08,1.75892e-08,1.61949e-08,1.48882e-08,1.36655e-08,1.25233e-08,1.14579e-08,1.04658e-08,9.54347e-09,8.68753e-09,7.89454e-09,7.16116e-09,6.48414e-09,5.86028e-09,5.28648e-09,4.75973e-09,4.2771e-09,3.83577e-09,3.43301e-09,3.06621e-09,2.73284e-09,2.43051e-09,2.15691e-09,1.90987e-09,1.68729e-09,1.48722e-09,1.3078e-09,1.14727e-09,1.004e-09,8.76443e-10,7.6316e-10,6.62809e-10,5.74145e-10,4.96014e-10,4.27351e-10,3.67173e-10,3.14579e-10,2.68745e-10,2.28917e-10,1.9441e-10,1.64603e-10,1.38936e-10,1.16901e-10,9.80456e-11,8.19626e-11,6.82897e-11,5.67048e-11,4.69225e-11,3.86913e-11,3.17896e-11,2.60238e-11,2.12245e-11,1.72447e-11,1.39572e-11,1.1252e-11,9.03483e-12,7.22498e-12,5.75369e-12,4.56264e-12,3.60256e-12,2.83202e-12,2.21634e-12,1.72662e-12,1.33887e-12,1.03329e-12,7.93623e-13,6.06559e-13,4.61274e-13,3.49005e-13,2.62695e-13,1.96686e-13,1.46473e-13,1.08482e-13,7.98976e-14,5.85108e-14,4.26011e-14,3.08348e-14,2.21845e-14,1.58634e-14,1.12728e-14,7.95986e-15,5.5843e-15,3.89194e-15,2.69431e-15,1.85247e-15,1.26482e-15,8.57492e-16,5.77133e-16,3.85595e-16,2.55689e-16,1.68255e-16,1.09873e-16,7.11751e-17,4.57391e-17,2.9157e-17,1.84291e-17,1.15386e-17,7.182e-18
model-iicr-1
model-cdf-1
model-pdf-1
time-2,1,1.00231,1.02096,1.03996,1.05931,1.07903,1.09911,1.11956,1.1404,1.16162,1.18324,1.20526,1.22769,1.25054,1.27381,1.29752,1.32166,1.34626,1.37131,1.39684,1.42283,1.44931,1.47628,1.50376,1.53174,1.56025,1.58928,1.61886,1.64899,1.67967,1.71093,1.74277,1.77521,1.80824,1.8419,1.87617,1.91109,1.94666,1.98288,2.01979,2.05737,2.09566,2.13466,2.17439,2.21486,2.25607,2.29806,2.34083,2.38439,2.42876,2.47396,2.52,2.5669,2.61467,2.66333,2.7129,2.76339,2.81481,2.8672,2.92056,2.97491,3.03027,3.08666,3.14411,3.20262,3.26222,3.32293,3.38477,3.44776,3.51193,3.57729,3.64386,3.71167,3.78075,3.85111,3.92278,3.99578,4.07014,4.14589,4.22304,4.30164,4.38169,4.46323,4.5463,4.6309,4.71708,4.80487,4.89429,4.98537,5.07815,5.17266,5.26892,5.36698,5.46686,5.5686,5.67223,5.77779,5.88532,5.99484,6.10641,6.22005,6.3358,6.45372,6.57382,6.69616,6.82078,6.94771,7.07701,7.20872,7.34287,7.47952,7.61872,7.7605,7.90493,8.05204,8.20189,8.35453,8.51001,8.66838,8.8297,8.99402,9.1614,9.3319,9.50557,9.68247,9.86266,10.0462,10.2332,10.4236,10.6176,10.8152,11.0165,11.2215,11.4303,11.643,11.8597,12.0804,12.3052,12.5342,12.7675,13.0051,13.2471,13.4937,13.7448,14.0006,14.2611,14.5265,14.7969,15.0723,15.3528,15.6385,15.9295,16.226,16.5279,16.8355,17.1488,17.468,17.793,18.1242,18.4615,18.805,19.155,19.5115,19.8746,20.2445,20.6212,21.005,21.3959,21.7941,22.1997,22.6128,23.0336,23.4623,23.8989,24.3437,24.7967,25.2582,25.7283,26.2071,26.6948,27.1916,27.6976,28.2131,28.7381,29.2729,29.8177,30.3726,30.9379,31.5136,32.1001,32.6975,33.306,33.9258,34.5572,35.2003,35.8554,36.5227,37.2024,37.8947,38.5999,39.3183,40.05,40.7953,41.5546,42.3279,43.1156,43.918,44.7353,45.5679,46.4159,47.2797,48.1596,49.0558,49.9688,50.8987,51.8459,52.8108,53.7936,54.7947,55.8145,56.8532,57.9112,58.989,60.0868,61.205,62.344,63.5043,64.6861,65.8899,67.1161,68.3652,69.6374,70.9334,72.2535,73.5981,74.9678,76.363,77.7841,79.2317,80.7062,82.2082,83.7381,85.2964,86.8838,88.5007,90.1478,91.8254,93.5343,95.275,97.0481,98.8542,100.694,102.568,104.477,106.421,108.401,110.419,112.474,114.567,116.699,118.871,121.083,123.336,125.632,127.97,130.351,132.777,135.248,137.765,140.329,142.94,145.601,148.31,151.07,153.882,156.746,159.663,162.634,165.661,168.744,171.884,175.083,178.341,181.66,185.041,188.484,191.992,195.565,199.205,202.912,206.688,210.535,214.453,218.444,222.509,226.65,230.868,235.164,239.541,243.999,248.539,253.165,257.876,262.675,267.564,272.543,277.615,282.782,288.044,293.405,298.865,304.427,310.093,315.864,321.742,327.729,333.829,340.041,346.369,352.815,359.381,366.07,372.882,379.822,386.89,394.09,401.424,408.895,416.504,424.256,432.151,440.194,448.386,456.73,465.23,473.888,482.707,491.69,500.841,510.162,519.656,529.327,539.177,549.212,559.433,569.844,580.449,591.251,602.254,613.462,624.879,636.508,648.353,660.419,672.71,685.229,697.981,710.971,724.202,737.68,751.408,765.392,779.636,794.145,808.924,823.979,839.313,854.933,870.843,887.05,903.558,920.373,937.502,954.949,972.72,990.823,1009.26,1028.04,1047.18,1066.66,1086.52,1106.74,1127.33,1148.31,1169.68,1191.45,1213.62,1236.21,1259.22,1282.65,1306.52,1330.83,1355.6,1380.83,1406.53,1432.7,1459.37,1486.52,1514.19,1542.37,1571.07,1600.31,1630.09,1660.43,1691.33,1722.81,1754.87,1787.53,1820.79,1854.68,1889.19,1924.35,1960.16,1996.64,2033.8,2071.65,2110.2,2149.47,2189.48,2230.22,2271.73,2314.01,2357.07,2400.93,2445.62,2491.13,2537.49,2584.71,2632.82,2681.81,2731.72,2782.56,2834.34,2887.09,2940.82,2995.55,3051.3,3108.08,3165.92,3224.84,3284.86,3345.99,3408.26,3471.69,3536.3,3602.11,3669.14,3737.43,3806.98,3877.83,3950,4023.51,4098.38,4174.66,4252.35,4331.48,4412.09,4494.2,4577.84,4663.03,4749.81,4838.21,4928.25,5019.97,5113.39,5208.55,5305.48,5404.22,5504.79,5607.23,5711.59,5817.88,5926.15,6036.44,6148.78,6263.21,6379.77,6498.5,6619.43,6742.62,6868.1,6995.92,7126.12,7258.73,7393.82,7531.42,7671.58,7814.35,7959.78,8107.91,8258.8,8412.5,8569.06,8728.53,8890.97,9056.43,9224.97,9396.65,9571.52,9749.65,9931.09,10115.9,10304.2,10495.9,10691.3,10890.2,11092.9,11299.3,11509.6,11723.8,11942,12164.2,12390.6,12621.2,12856.1,13095.4,13339.1,13587.3,13840.2,14097.7,14360.1,14627.3,14899.6,15176.8,15459.3,15747,16040,16338.5,16642.6,16952.3,17267.8,17589.2,17916.5,18249.9,18589.6,18935.5,19287.9,19646.9,20012.5,20384.9,20764.3,21150.7,21544.3,21945.3,22353.7,22769.7,23193.5,23625.1,24064.8,24512.6,24968.8,25433.5,25906.8,26388.9,26880,27380.3,27889.8,28408.8,28937.5,29476.1,30024.6,30583.4,31152.5,31732.3,32322.8,32924.4,33537.1,34161.2,34797,35444.6,36104.2,36776.1,37460.5,38157.6,38867.8,39591.1,40327.9,41078.4,41842.9,42621.6,43414.8,44222.7,45045.7,45884,46738,47607.8,48493.7,49396.2,50315.5,51251.9,52205.7,53177.2,54166.9,55174.9,56201.7,57247.7,58313.1,59398.3,60503.7,61629.7,62776.6,63944.9,65134.9,66347.1,67581.8,68839.5,70120.6,71425.6,72754.8,74108.8,75488,76892.8,78323.8,79781.4,81266.2,82778.6,84319.1,85888.3,87486.7,89114.8,90773.3,92462.6,94183.3,95936.1,97721.5,99540.1,101393,103279,105202,107159,109154,111185,113254,115362,117509,119696,121923,124192,126503,128858,131256,133698,136187,138721,141303,143932,146611,149339,152119,154950,157833,160770,163762,166810,169914,173077,176298,179578,182920,186325,189792,193324,196922,200587,204320,208122,211995,215941,219959,224053,228222,232470,236796,241203,245692,250264,254921,259666,264498,269420,274434,279542,284744,290043,295441,300939,306540,312244,318055,323974,330003,336145,342401,348773,355263,361875,368610,375469,382457,389575,396825,404210,411732,419394,427199,435150,443248,451497,459899,468458,477176,486056,495102,504316,513701,523261,532999,542919,553022,563314,573798,584476,595353,606433,617719,629215,640924,652852,665002,677378,689984,702824,715904,729227,742798,756622,770703,785046,799655,814537,829696,845137,860865,876886,893205,909827,926759,944006,961575,979470,997698,1.01627e+06,1.03518e+06,1.05444e+06,1.07407e+06,1.09405e+06,1.11442e+06,1.13515e+06,1.15628e+06,1.1778e+06,1.19972e+06,1.22204e+06,1.24479e+06,1.26795e+06,1.29155e+06,1.31559e+06,1.34007e+06,1.36501e+06,1.39041e+06,1.41629e+06,1.44264e+06,1.46949e+06,1.49684e+06,1.5247e+06,1.55307e+06,1.58197e+06,1.61141e+06,1.6414e+06,1.67195e+06,1.70307e+06,1.73476e+06,1.76704e+06,1.79993e+06,1.83343e+06,1.86755e+06,1.9023e+06,1.9377e+06,1.97376e+06,2.0105e+06,2.04791e+06,2.08602e+06,2.12485e+06,2.16439e+06,2.20467e+06,2.2457e+06,2.28749e+06,2.33006e+06,2.37342e+06,2.41759e+06,2.46259e+06,2.50842e+06,2.5551e+06,2.60265e+06,2.65108e+06,2.70042e+06,2.75068e+06,2.80187e+06,2.85401e+06,2.90712e+06,2.96123e+06,3.01633e+06,3.07247e+06,3.12965e+06,3.18789e+06,3.24722e+06,3.30765e+06,3.36921e+06,3.43191e+06,3.49578e+06,3.56083e+06,3.6271e+06,3.6946e+06,3.76336e+06,3.8334e+06,3.90474e+06,3.9774e+06,4.05142e+06,4.12682e+06,4.20362e+06,4.28185e+06,4.36154e+06,4.44271e+06,4.52539e+06,4.6096e+06,4.69539e+06,4.78277e+06,4.87178e+06,4.96244e+06,5.0548e+06,5.14887e+06,5.24469e+06,5.34229e+06,5.44171e+06,5.54299e+06,5.64614e+06,5.75122e+06,5.85825e+06,5.96727e+06,6.07832e+06,6.19144e+06,6.30667e+06,6.42403e+06,6.54359e+06,6.66536e+06,6.78941e+06,6.91576e+06,7.04446e+06,7.17556e+06,7.3091e+06,7.44512e+06,7.58368e+06,7.72481e+06,7.86857e+06,8.01501e+06,8.16417e+06,8.3161e+06,8.47087e+06,8.62851e+06,8.78909e+06,8.95266e+06,9.11927e+06,9.28898e+06,9.46185e+06,9.63793e+06,9.8173e+06,1e+07
source-iicr-2,100.036,100.037,100.037,100.038,100.039,100.039,100.04,100.041,100.042,100.042,100.043,100.044,100.045,100.046,100.046,100.047,100.048,100.049,100.05,100.051,100.052,100.053,100.054,100.055,100.056,100.057,100.058,100.059,100.06,100.061,100.062,100.064,100.065,100.066,100.067,100.069,100.07,100.071,100.072,100.074,100.075,100.077,100.078,100.08,100.081,100.083,100.084,100.086,100.087,100.089,100.091,100.092,100.094,100.096,100.098,100.099,100.101,100.103,100.105,100.107,100.109,100.111,100.113,100.115,100.117,100.12,100.122,100.124,100.127,100.129,100.131,100.134,100.136,100.139,100.141,100.144,100.147,100.15,100.152,100.155,100.158,100.161,100.164,100.167,100.17,100.174,100.177,100.18,100.184,100.187,100.191,100.194,100.198,100.202,100.205,100.209,100.213,100.217,100.221,100.226,100.23,100.234,100.239,100.243,100.248,100.253,100.257,100.262,100.267,100.272,100.277,100.283,100.288,100.294,100.299,100.305,100.311,100.317,100.323,100.329,100.335,100.341,100.348,100.354,100.361,100.368,100.375,100.382,100.39,100.397,100.405,100.412,100.42,100.428,100.437,100.445,100.454,100.462,100.471,100.48,100.49,100.499,100.509,100.518,100.528,100.539,100.549,100.56,100.57,100.581,100.593,100.604,100.616,100.628,100.64,100.653,100.665,100.678,100.692,100.705,100.719,100.733,100.747,100.762,100.777,100.792,100.808,100.824,100.84,100.856,100.873,100.891,100.908,100.926,100.945,100.963,100.982,101.002,101.022,101.042,101.063,101.084,101.106,101.128,101.151,101.174,101.198,101.222,101.247,101.272,101.298,101.324,101.351,101.378,101.406,101.435,101.465,101.495,101.525,101.557,101.589,101.622,101.655,101.689,101.724,101.76,101.797,101.835,101.873,101.912,101.953,101.994,102.036,102.079,102.123,102.168,102.214,102.262,102.31,102.36,102.411,102.463,102.516,102.571,102.627,102.684,102.743,102.803,102.865,102.928,102.993,103.06,103.128,103.198,103.27,103.343,103.419,103.496,103.576,103.658,103.742,103.828,103.916,104.007,104.101,104.196,104.295,104.396,104.5,104.607,104.717,104.831,104.947,105.067,105.19,105.317,105.448,105.582,105.72,105.863,106.01,106.161,106.317,106.478,106.644,106.815,106.991,107.173,107.361,107.555,107.756,107.962,108.176,108.397,108.625,108.861,109.105,109.358,109.619,109.89,110.17,110.46,110.76,111.072,111.395,111.729,112.077,112.437,112.811,113.2,113.604,114.023,114.459,114.913,115.385,115.876,116.387,116.92,117.475,118.054,118.657,119.287,119.944,120.631,121.348,122.098,122.882,123.702,124.561,125.46,126.403,127.391,128.427,129.515,130.657,131.858,133.12,134.447,135.844,137.315,138.866,140.501,142.225,144.047,145.97,148.004,150.156,152.433,154.846,157.403,160.116,162.996,166.055,169.307,172.768,176.452,180.378,184.565,189.033,193.806,198.908,204.366,210.211,216.474,223.192,230.404,238.152,246.484,255.452,265.112,275.527,286.767,298.906,312.029,326.226,341.601,358.264,376.339,395.961,417.28,440.46,465.683,493.148,523.076,555.706,591.303,630.156,672.581,718.924,769.556,824.885,885.345,951.405,1023.56,1102.35,1188.31,1282.02,1384.06,1495.03,1615.51,1746.04,1887.16,2039.3,2202.83,2378,2564.89,2763.45,2973.39,3194.2,3425.16,3665.27,3913.3,4167.76,4427.01,4689.22,4952.46,5214.79,5474.27,5729.09,5977.58,6218.3,6450.05,6671.94,6883.33,7083.89,7273.54,7452.44,7620.95,7779.61,7929.06,8070.05,8203.38,8329.87,8450.36,8565.65,8676.54,8783.76,8888.01,8989.93,9090.1,9189.06,9287.28,9385.2,9483.19,9581.61,9680.74,9780.85,9882.19,9984.96,10089.3,10195.5,10303.5,10413.7,10525.9,10640.5,10757.4,10876.8,10998.7,11123.2,11250.4,11380.3,11513.1,11648.7,11787.3,11928.9,12073.5,12221.2,12372.1,12526.3,12683.7,12844.5,13008.6,13176.2,13347.3,13522,13700.3,13882.2,14067.8,14257.2,14450.4,14647.4,14848.4,15053.3,15262.2,15475.2,15692.3,15913.5,16138.9,16368.5,16602.4,16840.6,17083.1,17330.1,17581.5,17837.3,18097.7,18362.6,18632,18906.1,19184.9,19468.3,19756.5,20049.4,20347.1,20649.7,20957.1,21269.4,21586.7,21908.9,22236.2,22568.5,22905.8,23248.4,23596,23948.9,24307,24670.5,25039.2,25413.4,25793,26178,26568.6,26964.8,27366.6,27774.1,28187.3,28606.3,29031.2,29462,29898.7,30341.5,30790.4,31245.4,31706.6,32174.1,32647.9,33128.1,33614.8,34108,34607.8,35114.2,35627.4,36147.3,36674.1,37207.7,37748.4,38296,38850.8,39412.7,39981.8,40558.2,41142,41733.1,42331.8,42937.9,43551.7,44173.2,44802.4,45439.4,46084.3,46737.1,47398,48067.1,48744.3,49429.8,50123.7,50826,51536.9,52256.5,52984.8,53722,54468.2,55223.5,55988,56761.9,57545.2,58338.2,59140.9,59953.5,60776.2,61609.1,62452.4,63306.3,64170.9,65046.3,65932.9,66830.7,67739.9,68660.8,69593.5,70538.3,71495.2,72464.6,73446.6,74441.4,75449.3,76470.3,77504.7,78552.7,79614.4,80690.1,81779.9,82883.9,84002.4,85135.4,86283.1,87445.6,88623,89815.4,91022.8,92245.3,93483,94735.8,96003.6,97286.6,98584.5,99897.3,101225,102567,103924,105294,106679,108077,109488,110912,112349,113797,115257,116727,118208,119698,121197,122704,124218,125738,127264,128794,130328,131864,133401,134938,136474,138008,139539,141064,142584,144096,145599,147093,148575,150044,151499,152938,154361,155765,157151,158515,159858,161178,162473,163744,164988,166205,167395,168555,169686,170787,171857,172896,173903,174878,175821,176732,177610,178456,179269,180050,180799,181517,182203,182859,183484,184079,184645,185183,185693,186175,186632,187062,187468,187851,188210,188547,188862,189158,189434,189691,189931,190153,190360,190551,190729,190892,191043,191182,191310,191427,191534,191632,191722,191803,191877,191945,192006,192061,192111,192156,192196,192232,192265,192294,192320,192343,192364,192382,192398,192412,192425,192436,192446,192455,192462,192469,192474,192479,192484,192488,192491,192494,192496,192498,192500,192501,192503,192504,192505,192506,192506,192507,192507,192508,192508,192508,192509,192509,192509,192509,192509,192509,192509,192509,192510,192510,192510,192510,192510,192510,192510,192510,192510,192510,192510,192510,192510,192510,192510,192510,192510,192510,192510,192510,192510,192510,192510,192510,192510,192510,192510,192510,192510,192510,192510,192510,192510,192510,192510,192510,192510,192510,192510,192510,192510,192510,192510,192510,192510,192510,192510,192510,192510,192510,192510,192510,192510,192510,192510,192510,192510,192510,192510,192510,192510,192510,192510,192510,192510,192510,192510,192510,192510,192510,192510,192510,192510,192510,192510,192510,192510,192510,192510,192510,192510,192510,192510,192510,192510,192510,192510,192510,192510,192510,192510,192510,192510,192510,192510,192510,192510,192510,192510,192510,192510,192510,192510,192510,192510,192510,192510,192510,192510,192510,192510,192510,192510,192510,192510,192510,192510,192510,192510,192510,192510,192510,192510,192510,192510,192510,192510,192510,192510,192510,192510,192510,192510,192510,192510
source-cdf-2,0.00999641,2.30669e-05,0.000209508,0.000399381,0.000592749,0.000789677,0.000990227,0.00119447,0.00140246,0.00161429,0.00183,0.00204968,0.0022734,0.00250122,0.00273324,0.00296951,0.00321012,0.00345514,0.00370466,0.00395876,0.00421752,0.00448102,0.00474935,0.0050226,0.00530085,0.0055842,0.00587273,0.00616655,0.00646574,0.0067704,0.00708064,0.00739654,0.00771822,0.00804577,0.0083793,0.00871892,0.00906473,0.00941686,0.0097754,0.0101405,0.0105122,0.0108907,0.0112761,0.0116685,0.012068,0.0124748,0.012889,0.0133107,0.0137401,0.0141772,0.0146223,0.0150755,0.0155369,0.0160066,0.0164848,0.0169717,0.0174674,0.017972,0.0184858,0.0190088,0.0195413,0.0200833,0.0206352,0.021197,0.0217689,0.022351,0.0229437,0.023547,0.0241611,0.0247862,0.0254225,0.0260703,0.0267296,0.0274007,0.0280839,0.0287792,0.0294869,0.0302073,0.0309405,0.0316867,0.0324463,0.0332193,0.034006,0.0348067,0.0356217,0.036451,0.037295,0.0381539,0.039028,0.0399175,0.0408227,0.0417438,0.0426812,0.043635,0.0446055,0.045593,0.0465979,0.0476203,0.0486605,0.0497189,0.0507958,0.0518914,0.053006,0.05414,0.0552936,0.0564672,0.0576611,0.0588755,0.060111,0.0613676,0.0626459,0.0639461,0.0652686,0.0666137,0.0679818,0.0693731,0.0707882,0.0722273,0.0736908,0.0751791,0.0766925,0.0782314,0.0797963,0.0813874,0.0830052,0.0846501,0.0863224,0.0880226,0.0897511,0.0915082,0.0932944,0.0951101,0.0969557,0.0988317,0.100738,0.102676,0.104646,0.106647,0.108681,0.110748,0.112848,0.114982,0.117151,0.119354,0.121592,0.123865,0.126175,0.128521,0.130904,0.133325,0.135783,0.138279,0.140815,0.143389,0.146004,0.148658,0.151353,0.154089,0.156866,0.159686,0.162547,0.165452,0.1684,0.171392,0.174427,0.177508,0.180633,0.183804,0.187021,0.190284,0.193594,0.196951,0.200355,0.203807,0.207308,0.210857,0.214456,0.218103,0.221801,0.225549,0.229347,0.233195,0.237095,0.241046,0.245049,0.249103,0.25321,0.257369,0.261581,0.265845,0.270163,0.274533,0.278957,0.283434,0.287965,0.292549,0.297187,0.301879,0.306624,0.311423,0.316275,0.321182,0.326141,0.331155,0.336221,0.34134,0.346513,0.351737,0.357015,0.362344,0.367725,0.373157,0.37864,0.384173,0.389757,0.39539,0.401071,0.406801,0.412579,0.418403,0.424274,0.43019,0.43615,0.442154,0.448201,0.45429,0.46042,0.466589,0.472797,0.479042,0.485324,0.491641,0.497991,0.504374,0.510788,0.517231,0.523703,0.5302,0.536723,0.543269,0.549837,0.556424,0.563029,0.56965,0.576286,0.582934,0.589592,0.596259,0.602932,0.609609,0.616288,0.622966,0.629642,0.636314,0.642978,0.649634,0.656277,0.662906,0.669519,0.676113,0.682685,0.689234,0.695756,0.702249,0.708711,0.715138,0.72153,0.727882,0.734193,0.74046,0.74668,0.752851,0.758971,0.765037,0.771046,0.776997,0.782887,0.788713,0.794474,0.800167,0.80579,0.81134,0.816817,0.822217,0.827539,0.832781,0.837942,0.843019,0.84801,0.852916,0.857733,0.862461,0.867098,0.871643,0.876096,0.880455,0.884719,0.888887,0.89296,0.896936,0.900816,0.904598,0.908282,0.91187,0.91536,0.918752,0.922048,0.925247,0.92835,0.931357,0.93427,0.937089,0.939815,0.942448,0.944991,0.947444,0.949809,0.952086,0.954278,0.956386,0.958411,0.960356,0.962221,0.964009,0.965721,0.96736,0.968927,0.970424,0.971854,0.973217,0.974516,0.975754,0.976932,0.978052,0.979116,0.980126,0.981085,0.981994,0.982855,0.98367,0.984441,0.985169,0.985858,0.986508,0.987121,0.987699,0.988243,0.988756,0.989239,0.989692,0.990119,0.990519,0.990895,0.991248,0.991579,0.991889,0.992179,0.992451,0.992706,0.992944,0.993166,0.993374,0.993568,0.993749,0.993918,0.994076,0.994223,0.99436,0.994488,0.994607,0.994717,0.99482,0.994916,0.995005,0.995088,0.995165,0.995237,0.995304,0.995366,0.995424,0.995478,0.995528,0.995574,0.995618,0.995659,0.995697,0.995733,0.995766,0.995798,0.995827,0.995855,0.995882,0.995907,0.995931,0.995954,0.995976,0.995997,0.996017,0.996037,0.996056,0.996074,0.996093,0.99611,0.996128,0.996145,0.996162,0.996178,0.996195,0.996211,0.996228,0.996244,0.99626,0.996276,0.996292,0.996308,0.996325,0.996341,0.996357,0.996373,0.99639,0.996406,0.996422,0.996439,0.996455,0.996472,0.996489,0.996505,0.996522,0.996539,0.996556,0.996573,0.99659,0.996607,0.996624,0.996641,0.996658,0.996675,0.996692,0.996709,0.996727,0.996744,0.996761,0.996779,0.996796,0.996814,0.996831,0.996848,0.996866,0.996883,0.996901,0.996918,0.996936,0.996953,0.996971,0.996988,0.997006,0.997023,0.997041,0.997058,0.997075,0.997093,0.99711,0.997128,0.997145,0.997162,0.997179,0.997197,0.997214,0.997231,0.997248,0.997265,0.997282,0.9973,0.997317,0.997333,0.99735,0.997367,0.997384,0.997401,0.997418,0.997434,0.997451,0.997468,0.997484,0.997501,0.997517,0.997534,0.99755,0.997566,0.997583,0.997599,0.997615,0.997631,0.997647,0.997663,0.997679,0.997695,0.997711,0.997727,0.997743,0.997758,0.997774,0.99779,0.997805,0.997821,0.997836,0.997851,0.997867,0.997882,0.997897,0.997913,0.997928,0.997943,0.997958,0.997973,0.997988,0.998002,0.998017,0.998032,0.998047,0.998061,0.998076,0.99809,0.998105,0.998119,0.998134,0.998148,0.998162,0.998177,0.998191,0.998205,0.998219,0.998233,0.998247,0.998261,0.998275,0.998289,0.998302,0.998316,0.99833,0.998343,0.998357,0.99837,0.998384,0.998397,0.99841,0.998424,0.998437,0.99845,0.998463,0.998476,0.998489,0.998502,0.998515,0.998528,0.998541,0.998554,0.998567,0.998579,0.998592,0.998604,0.998617,0.998629,0.998642,0.998654,0.998666,0.998679,0.998691,0.998703,0.998715,0.998727,0.998739,0.998751,0.998763,0.998775,0.998787,0.998798,0.99881,0.998822,0.998833,0.998845,0.998856,0.998867,0.998879,0.99889,0.998901,0.998912,0.998923,0.998934,0.998945,0.998956,0.998967,0.998978,0.998989,0.998999,0.99901,0.999021,0.999031,0.999042,0.999052,0.999062,0.999073,0.999083,0.999093,0.999103,0.999113,0.999123,0.999133,0.999143,0.999153,0.999163,0.999172,0.999182,0.999192,0.999201,0.999211,0.99922,0.999229,0.999239,0.999248,0.999257,0.999266,0.999276,0.999285,0.999294,0.999303,0.999312,0.999321,0.999329,0.999338,0.999347,0.999356,0.999365,0.999373,0.999382,0.99939,0.999399,0.999407,0.999416,0.999424,0.999433,0.999441,0.999449,0.999458,0.999466,0.999474,0.999482,0.999491,0.999499,0.999507,0.999515,0.999523,0.999531,0.999539,0.999547,0.999555,0.999563,0.999571,0.999579,0.999586,0.999594,0.999602,0.99961,0.999617,0.999625,0.999633,0.99964,0.999648,0.999655,0.999663,0.99967,0.999677,0.999685,0.999692,0.999699,0.999706,0.999714,0.999721,0.999728,0.999735,0.999742,0.999748,0.999755,0.999762,0.999768,0.999775,0.999781,0.999788,0.999794,0.999801,0.999807,0.999813,0.999819,0.999825,0.999831,0.999836,0.999842,0.999847,0.999853,0.999858,0.999863,0.999869,0.999874,0.999879,0.999883,0.999888,0.999893,0.999897,0.999902,0.999906,0.99991,0.999914,0.999918,0.999922,0.999926,0.999929,0.999933,0.999936,0.999939,0.999943,0.999946,0.999949,0.999951,0.999954,0.999957,0.999959,0.999962,0.999964,0.999966,0.999968,0.99997,0.999972,0.999974,0.999976,0.999977,0.999979,0.99998,0.999982,0.999983,0.999984,0.999986,0.999987,0.999988,0.999989,0.99999,0.99999,0.999991,0.999992,0.999993,0.999993,0.999994,0.999995,0.999995,0.999996,0.999996,0.999996,0.999997,0.999997,0.999997,0.999998,0.999998,0.999998,0.999998,0.999999,0.999999,0.999999,0.999999,0.999999,0.999999,0.999999,0.999999,0.999999,1,1,1,1,1,1,1,1,1,1,1,1,1,1,1,1,1,1,1,1,1,1,1,1,1,1,1,1,1,1,1,1,1,1,1,1,1,1,1,1,1,1,1,1,1,1,1,1,1,1,1,1,1,1,1,1,1,1,1,1,1,1,1,1,1,1,1,1,1,1,1,1,1,1,1,1,1,1,1,1,1,1,1,1,1,1,1,1,1,1,1,1,1,1,1,1,1,1,1,1,1,1,1,1
source-pdf-2,0.00989649,0.00999612,0.00999418,0.00999222,0.00999021,0.00998817,0.00998609,0.00998398,0.00998182,0.00997963,0.00997739,0.00997512,0.0099728,0.00997044,0.00996803,0.00996559,0.00996309,0.00996056,0.00995797,0.00995534,0.00995266,0.00994993,0.00994715,0.00994431,0.00994143,0.0099385,0.00993551,0.00993246,0.00992936,0.00992621,0.00992299,0.00991972,0.00991639,0.00991299,0.00990954,0.00990602,0.00990244,0.00989879,0.00989507,0.00989129,0.00988744,0.00988352,0.00987953,0.00987546,0.00987132,0.00986711,0.00986282,0.00985845,0.009854,0.00984947,0.00984486,0.00984017,0.00983539,0.00983052,0.00982557,0.00982053,0.00981539,0.00981016,0.00980484,0.00979942,0.00979391,0.00978829,0.00978258,0.00977676,0.00977084,0.00976481,0.00975867,0.00975242,0.00974606,0.00973958,0.00973299,0.00972628,0.00971946,0.00971251,0.00970543,0.00969823,0.0096909,0.00968344,0.00967585,0.00966812,0.00966025,0.00965225,0.0096441,0.00963581,0.00962737,0.00961878,0.00961004,0.00960115,0.0095921,0.00958289,0.00957352,0.00956398,0.00955428,0.0095444,0.00953435,0.00952413,0.00951373,0.00950314,0.00949237,0.00948141,0.00947027,0.00945893,0.00944739,0.00943565,0.00942371,0.00941156,0.0093992,0.00938663,0.00937385,0.00936084,0.00934761,0.00933415,0.00932047,0.00930655,0.00929239,0.00927799,0.00926335,0.00924846,0.00923331,0.00921791,0.00920225,0.00918633,0.00917014,0.00915368,0.00913694,0.00911993,0.00910263,0.00908504,0.00906716,0.00904898,0.00903051,0.00901173,0.00899264,0.00897324,0.00895352,0.00893348,0.00891311,0.00889242,0.00887139,0.00885002,0.0088283,0.00880624,0.00878382,0.00876105,0.00873792,0.00871441,0.00869054,0.00866629,0.00864166,0.00861665,0.00859125,0.00856545,0.00853925,0.00851265,0.00848564,0.00845822,0.00843038,0.00840212,0.00837343,0.00834431,0.00831475,0.00828476,0.00825432,0.00822343,0.00819208,0.00816028,0.00812802,0.00809529,0.00806208,0.00802841,0.00799425,0.00795961,0.00792448,0.00788886,0.00785275,0.00781613,0.00777902,0.0077414,0.00770327,0.00766462,0.00762546,0.00758578,0.00754558,0.00750486,0.0074636,0.00742182,0.00737951,0.00733666,0.00729327,0.00724934,0.00720488,0.00715987,0.00711432,0.00706823,0.00702159,0.00697441,0.00692668,0.00687841,0.00682959,0.00678023,0.00673032,0.00667987,0.00662887,0.00657734,0.00652527,0.00647266,0.00641951,0.00636584,0.00631164,0.00625691,0.00620167,0.0061459,0.00608963,0.00603285,0.00597557,0.0059178,0.00585954,0.00580079,0.00574157,0.00568189,0.00562174,0.00556115,0.00550011,0.00543865,0.00537676,0.00531446,0.00525176,0.00518867,0.0051252,0.00506137,0.00499719,0.00493267,0.00486783,0.00480268,0.00473723,0.0046715,0.00460552,0.00453928,0.00447282,0.00440614,0.00433927,0.00427223,0.00420502,0.00413769,0.00407024,0.00400269,0.00393507,0.00386739,0.00379968,0.00373197,0.00366426,0.0035966,0.00352899,0.00346147,0.00339406,0.00332678,0.00325966,0.00319272,0.00312599,0.00305949,0.00299326,0.00292731,0.00286166,0.00279636,0.00273142,0.00266687,0.00260274,0.00253904,0.00247582,0.00241309,0.00235088,0.00228921,0.00222812,0.00216762,0.00210774,0.0020485,0.00198994,0.00193207,0.00187491,0.00181849,0.00176283,0.00170795,0.00165387,0.00160061,0.0015482,0.00149664,0.00144596,0.00139617,0.00134729,0.00129933,0.00125231,0.00120624,0.00116113,0.00111699,0.00107384,0.00103167,0.000990498,0.000950331,0.000911172,0.000873024,0.000835891,0.000799772,0.000764669,0.00073058,0.000697503,0.000665434,0.000634368,0.0006043,0.000575222,0.000547127,0.000520004,0.000493843,0.000468634,0.000444362,0.000421016,0.00039858,0.000377038,0.000356376,0.000336575,0.000317619,0.000299488,0.000282164,0.000265627,0.000249856,0.000234832,0.000220533,0.000206938,0.000194024,0.000181771,0.000170156,0.000159157,0.000148752,0.000138919,0.000129635,0.000120879,0.000112629,0.000104863,9.75605e-05,9.07002e-05,8.42615e-05,7.82243e-05,7.2569e-05,6.72763e-05,6.23276e-05,5.77047e-05,5.33899e-05,4.93662e-05,4.56173e-05,4.21272e-05,3.88807e-05,3.58633e-05,3.3061e-05,3.04603e-05,2.80487e-05,2.58139e-05,2.37444e-05,2.18294e-05,2.00585e-05,1.84219e-05,1.69104e-05,1.55154e-05,1.42287e-05,1.30426e-05,1.19499e-05,1.09439e-05,1.00184e-05,9.16736e-06,8.38537e-06,7.66729e-06,7.00835e-06,6.40412e-06,5.85045e-06,5.3435e-06,4.8797e-06,4.45573e-06,4.0685e-06,3.71516e-06,3.39302e-06,3.09964e-06,2.83271e-06,2.59011e-06,2.36987e-06,2.17014e-06,1.98923e-06,1.82557e-06,1.67768e-06,1.54422e-06,1.42392e-06,1.31561e-06,1.21824e-06,1.13078e-06,1.05233e-06,9.82036e-07,9.19111e-07,8.62835e-07,8.12544e-07,7.6763e-07,7.27536e-07,6.9175e-07,6.59808e-07,6.31287e-07,6.058e-07,5.83e-07,5.62572e-07,5.4423e-07,5.27721e-07,5.12814e-07,4.99306e-07,4.87015e-07,4.75778e-07,4.65453e-07,4.55914e-07,4.47049e-07,4.38763e-07,4.30971e-07,4.23599e-07,4.16585e-07,4.09873e-07,4.03417e-07,3.97177e-07,3.91119e-07,3.85216e-07,3.79442e-07,3.73779e-07,3.6821e-07,3.62722e-07,3.57302e-07,3.51944e-07,3.46639e-07,3.41382e-07,3.3617e-07,3.30998e-07,3.25865e-07,3.20769e-07,3.15708e-07,3.10684e-07,3.05695e-07,3.00741e-07,2.95824e-07,2.90943e-07,2.86099e-07,2.81294e-07,2.76528e-07,2.71802e-07,2.67117e-07,2.62473e-07,2.57873e-07,2.53317e-07,2.48806e-07,2.4434e-07,2.39922e-07,2.35551e-07,2.31228e-07,2.26955e-07,2.22732e-07,2.18559e-07,2.14438e-07,2.10369e-07,2.06352e-07,2.02388e-07,1.98478e-07,1.94622e-07,1.9082e-07,1.87072e-07,1.8338e-07,1.79742e-07,1.7616e-07,1.72632e-07,1.69161e-07,1.65744e-07,1.62383e-07,1.59078e-07,1.55827e-07,1.52632e-07,1.49491e-07,1.46405e-07,1.43374e-07,1.40396e-07,1.37472e-07,1.34601e-07,1.31783e-07,1.29017e-07,1.26303e-07,1.2364e-07,1.21028e-07,1.18467e-07,1.15955e-07,1.13492e-07,1.11077e-07,1.08711e-07,1.06391e-07,1.04118e-07,1.0189e-07,9.97077e-08,9.75695e-08,9.54749e-08,9.34232e-08,9.14137e-08,8.94456e-08,8.75183e-08,8.56309e-08,8.37828e-08,8.19732e-08,8.02015e-08,7.84669e-08,7.67687e-08,7.51062e-08,7.34788e-08,7.18856e-08,7.03262e-08,6.87997e-08,6.73056e-08,6.58431e-08,6.44117e-08,6.30107e-08,6.16395e-08,6.02974e-08,5.8984e-08,5.76986e-08,5.64406e-08,5.52095e-08,5.40047e-08,5.28257e-08,5.16719e-08,5.05428e-08,4.9438e-08,4.83568e-08,4.72989e-08,4.62636e-08,4.52506e-08,4.42594e-08,4.32895e-08,4.23405e-08,4.14119e-08,4.05033e-08,3.96143e-08,3.87445e-08,3.78933e-08,3.70606e-08,3.62457e-08,3.54485e-08,3.46684e-08,3.39051e-08,3.31582e-08,3.24274e-08,3.17124e-08,3.10127e-08,3.0328e-08,2.96581e-08,2.90025e-08,2.8361e-08,2.77332e-08,2.71188e-08,2.65176e-08,2.59292e-08,2.53533e-08,2.47897e-08,2.42381e-08,2.36982e-08,2.31698e-08,2.26526e-08,2.21463e-08,2.16507e-08,2.11656e-08,2.06907e-08,2.02259e-08,1.97708e-08,1.93253e-08,1.88892e-08,1.84623e-08,1.80443e-08,1.76352e-08,1.72346e-08,1.68424e-08,1.64585e-08,1.60827e-08,1.57148e-08,1.53546e-08,1.50021e-08,1.4657e-08,1.43192e-08,1.39885e-08,1.36649e-08,1.33482e-08,1.30382e-08,1.27349e-08,1.24381e-08,1.21476e-08,1.18635e-08,1.15855e-08,1.13136e-08,1.10476e-08,1.07875e-08,1.05331e-08,1.02843e-08,1.00411e-08,9.80335e-09,9.57093e-09,9.34376e-09,9.12177e-09,8.90485e-09,8.69292e-09,8.4859e-09,8.28369e-09,8.08621e-09,7.89338e-09,7.70512e-09,7.52134e-09,7.34196e-09,7.16691e-09,6.9961e-09,6.82945e-09,6.66689e-09,6.50833e-09,6.3537e-09,6.20292e-09,6.05592e-09,5.91261e-09,5.77292e-09,5.63678e-09,5.5041e-09,5.37482e-09,5.24885e-09,5.12612e-09,5.00656e-09,4.89009e-09,4.77664e-09,4.66614e-09,4.5585e-09,4.45366e-09,4.35154e-09,4.25207e-09,4.15517e-09,4.06079e-09,3.96884e-09,3.87925e-09,3.79196e-09,3.70689e-09,3.62398e-09,3.54315e-09,3.46435e-09,3.38751e-09,3.31255e-09,3.23942e-09,3.16805e-09,3.09838e-09,3.03035e-09,2.9639e-09,2.89898e-09,2.83551e-09,2.77346e-09,2.71276e-09,2.65336e-09,2.59521e-09,2.53826e-09,2.48247e-09,2.42778e-09,2.37415e-09,2.32154e-09,2.2699e-09,2.21921e-09,2.16941e-09,2.12047e-09,2.07236e-09,2.02505e-09,1.9785e-09,1.93269e-09,1.88759e-09,1.84317e-09,1.79941e-09,1.75629e-09,1.71379e-09,1.67188e-09,1.63056e-09,1.58981e-09,1.54961e-09,1.50995e-09,1.47082e-09,1.43221e-09,1.39411e-09,1.35653e-09,1.31944e-09,1.28285e-09,1.24676e-09,1.21116e-09,1.17605e-09,1.14143e-09,1.10731e-09,1.07367e-09,1.04054e-09,1.0079e-09,9.75771e-10,9.44146e-10,9.13031e-10,8.82433e-10,8.52355e-10,8.22804e-10,7.93785e-10,7.65302e-10,7.37362e-10,7.09969e-10,6.83129e-10,6.56848e-10,6.31129e-10,6.05977e-10,5.81398e-10,5.57393e-10,5.33968e-10,5.11124e-10,4.88866e-10,4.67193e-10,4.46108e-10,4.25612e-10,4.05706e-10,3.86387e-10,3.67657e-10,3.49513e-10,3.31953e-10,3.14973e-10,2.98572e-10,2.82743e-10,2.67483e-10,2.52786e-10,2.38646e-10,2.25056e-10,2.12009e-10,1.99496e-10,1.8751e-10,1.76041e-10,1.65079e-10,1.54615e-10,1.44638e-10,1.35137e-10,1.26101e-10,1.17517e-10,1.09374e-10,1.0166e-10,9.43607e-11,8.74645e-11,8.09579e-11,7.48275e-11,6.90601e-11,6.36422e-11,5.85602e-11,5.38007e-11,4.935e-11,4.51949e-11,4.13219e-11,3.77179e-11,3.43698e-11,3.12648e-11,2.83902e-11,2.57336e-11,2.32831e-11,2.10267e-11,1.8953e-11,1.70508e-11,1.53094e-11,1.37183e-11,1.22674e-11,1.09473e-11,9.74848e-12,8.66225e-12,7.68016e-12,6.79417e-12,5.9967e-12,5.28055e-12,4.63893e-12,4.06546e-12,3.55414e-12,3.09937e-12,2.69591e-12,2.3389e-12,2.0238e-12,1.74645e-12,1.50297e-12,1.28984e-12,1.10378e-12,9.41821e-13,8.01261e-13,6.7963e-13,5.74699e-13,4.84455e-13,4.07085e-13,3.40966e-13,2.84646e-13,2.36831e-13,1.96375e-13,1.62263e-13,1.33602e-13,1.09606e-13,8.95888e-14,7.29532e-14,5.918e-14,4.78206e-14,3.84886e-14,3.08528e-14,2.46303e-14,1.95805e-14,1.54997e-14,1.22162e-14,9.58567e-15,7.48772e-15,5.82211e-15,4.50586e-15,3.47059e-15,2.66024e-15,2.02902e-15,1.5398e-15,1.16255e-15,8.7315e-16,6.52307e-16,4.84683e-16,3.58148e-16,2.63162e-16,1.92262e-16,1.39645e-16,1.00826e-16,7.23583e-17,5.16086e-17,3.65784e-17,2.576e-17,1.80232e-17,1.25266e-17,8.64751e-18,5.92864e-18,4.03616e-18,2.72819e-18,1.83069e-18,1.21936e-18,8.0605e-19,5.28747e-19,3.44133e-19,2.22194e-19,1.423e-19,9.03803e-20,5.69213e-20,3.55418e-20,2.19987e-20,1.34951e-20,8.20366e-21,4.94101e-21,2.94799e-21,1.74205e-21,1.0194e-21,5.90608e-22,3.3872e-22,1.9226e-22,1.07984e-22,6.00025e-23,3.29784e-23,1.79247e-23,9.63265e-24,5.11706e-24,2.68648e-24,1.3936e-24,7.14148e-25,3.61439e-25,1.80625e-25,8.91073e-26,4.33849e-26,2.08424e-26,9.8771e-27,4.61612e-27,2.12704e-27,9.6608e-28,4.32386e-28,1.90648e-28,8.27893e-29,3.53976e-29,1.48973e-29,6.16944e-30,2.51339e-30,1.00697e-30,3.96622e-31,1.53536e-31
inferred-iicr-2,9995.77,9995.77,9995.78,9995.78,9995.78,9995.79,9995.79,9995.79,9995.8,9995.8,9995.8,9995.81,9995.81,9995.82,9995.82,9995.83,9995.83,9995.83,9995.84,9995.84,9995.85,9995.85,9995.86,9995.86,9995.87,9995.87,9995.88,9995.88,9995.89,9995.89,9995.9,9995.91,9995.91,9995.92,9995.92,9995.93,9995.94,9995.94,9995.95,9995.96,9995.96,9995.97,9995.98,9995.98,9995.99,9996,9996.01,9996.01,9996.02,9996.03,9996.04,9996.05,9996.05,9996.06,9996.07,9996.08,9996.09,9996.1,9996.11,9996.12,9996.13,9996.14,9996.15,9996.16,9996.17,9996.18,9996.19,9996.2,9996.21,9996.22,9996.23,9996.25,9996.26,9996.27,9996.28,9996.3,9996.31,9996.32,9996.34,9996.35,9996.37,9996.38,9996.39,9996.41,9996.42,9996.44,9996.46,9996.47,9996.49,9996.5,9996.52,9996.54,9996.56,9996.57,9996.59,9996.61,9996.63,9996.65,9996.67,9996.69,9996.71,9996.73,9996.75,9996.77,9996.8,9996.82,9996.84,9996.86,9996.89,9996.91,9996.94,9996.96,9996.99,9997.01,9997.04,9997.07,9997.09,9997.12,9997.15,9997.18,9997.21,9997.24,9997.27,9997.3,9997.33,9997.36,9997.4,9997.43,9997.46,9997.5,9997.54,9997.57,9997.61,9997.65,9997.68,9997.72,9997.76,9997.8,9997.84,9997.89,9997.93,9997.97,9998.02,9998.06,9998.11,9998.15,9998.2,9998.25,9998.3,9998.35,9998.4,9998.45,9998.51,9998.56,9998.62,9998.67,9998.73,9998.79,9998.85,9998.91,9998.97,9999.03,9999.1,9999.16,9999.23,9999.3,9999.37,9999.44,9999.51,9999.58,9999.66,9999.73,9999.81,9999.89,9999.97,10000,10000.1,10000.2,10000.3,10000.4,10000.5,10000.6,10000.7,10000.8,10000.9,10001,10001.1,10001.2,10001.3,10001.4,10001.5,10001.6,10001.7,10001.8,10001.9,10002,10002.2,10002.3,10002.4,10002.5,10002.7,10002.8,10002.9,10003.1,10003.2,10003.3,10003.5,10003.6,10003.8,10003.9,10004.1,10004.3,10004.4,10004.6,10004.7,10004.9,10005.1,10005.3,10005.4,10005.6,10005.8,10006,10006.2,10006.4,10006.6,10006.8,10007,10007.2,10007.5,10007.7,10007.9,10008.1,10008.4,10008.6,10008.8,10009.1,10009.3,10009.6,10009.9,10010.1,10010.4,10010.7,10011,10011.2,10011.5,10011.8,10012.1,10012.4,10012.8,10013.1,10013.4,10013.7,10014.1,10014.4,10014.8,10015.1,10015.5,10015.9,10016.2,10016.6,10017,10017.4,10017.8,10018.2,10018.7,10019.1,10019.5,10020,10020.4,10020.9,10021.4,10021.9,10022.4,10022.9,10023.4,10023.9,10024.4,10025,10025.5,10026.1,10026.6,10027.2,10027.8,10028.4,10029,10029.6,10030.3,10030.9,10031.6,10032.3,10033,10033.7,10034.4,10035.1,10035.8,10036.6,10037.4,10038.1,10038.9,10039.8,10040.6,10041.4,10042.3,10043.2,10044.1,10045,10045.9,10046.8,10047.8,10048.8,10049.8,10050.8,10051.8,10052.9,10054,10055.1,10056.2,10057.3,10058.5,10059.7,10060.9,10062.1,10063.4,10064.6,10065.9,10067.3,10068.6,10070,10071.4,10072.8,10074.3,10075.8,10077.3,10078.8,10080.4,10082,10083.6,10085.3,10087,10088.7,10090.5,10092.3,10094.1,10096,10097.9,10099.8,10101.8,10103.8,10105.9,10108,10110.1,10112.3,10114.5,10116.7,10119.1,10121.4,10123.8,10126.2,10128.7,10131.3,10133.8,10136.5,10139.2,10141.9,10144.7,10147.6,10150.5,10153.4,10156.4,10159.5,10162.7,10165.9,10169.1,10172.5,10175.9,10179.3,10182.9,10186.5,10190.1,10193.9,10197.7,10201.6,10205.6,10209.6,10213.7,10218,10222.3,10226.7,10231.1,10235.7,10240.4,10245.1,10250,10254.9,10260,10265.1,10270.4,10275.7,10281.2,10286.8,10292.5,10298.3,10304.2,10310.3,10316.5,10322.8,10329.2,10335.8,10342.5,10349.3,10356.3,10363.5,10370.7,10378.2,10385.8,10393.5,10401.5,10409.5,10417.8,10426.2,10434.8,10443.6,10452.6,10461.8,10471.2,10480.8,10490.5,10500.5,10510.8,10521.2,10531.9,10542.7,10553.9,10565.3,10576.9,10588.8,10600.9,10613.4,10626.1,10639.1,10652.3,10665.9,10679.8,10694,10708.5,10723.4,10738.6,10754.2,10770.1,10786.3,10803,10820,10837.5,10855.3,10873.6,10892.3,10911.5,10931.1,10951.2,10971.8,10992.8,11014.4,11036.5,11059.2,11082.4,11106.1,11130.5,11155.5,11181.1,11207.4,11234.3,11261.9,11290.2,11319.2,11349,11379.6,11410.9,11443.1,11476.1,11510,11544.8,11580.6,11617.3,11655,11693.7,11733.5,11774.4,11816.4,11859.6,11904,11949.6,11996.6,12044.9,12094.6,12145.7,12198.3,12252.5,12308.3,12365.7,12424.8,12485.7,12548.5,12613.2,12679.9,12748.7,12819.6,12892.7,12968.1,13046,13126.3,13209.3,13295,13383.5,13474.9,13569.3,13667,13767.9,13872.4,13980.4,14092.1,14207.8,14327.5,14451.6,14580,14713.1,14851.1,14994.2,15142.5,15296.4,15456.1,15621.9,15794,15972.8,16158.6,16351.7,16552.5,16761.3,16978.6,17204.7,17440.1,17685.2,17940.7,18206.9,18484.4,18773.8,19075.8,19390.9,19720,20063.6,20422.6,20797.9,21190.2,21600.5,22029.8,22479.1,22949.5,23442.2,23958.4,24499.4,25066.5,25661.3,26285.2,26939.9,27627,28348.5,29106.2,29902,30738.2,31616.9,32540.5,33511.3,34532,35605.1,36733.5,37920,39167.6,40479.4,41858.4,43307.9,44831.2,46431.5,48112.2,49876.7,51728.1,53669.5,55704.2,57834.8,60064.1,62394.3,64827.5,67365.1,70008.1,72756.9,75611.3,78570.1,81631.5,84792.5,88049.2,91396.6,94828.8,98338.2,101917,105554,109240,112963,116710,120467,124221,127956,131658,135311,138902,142416,145840,149160,152367,155449,158399,161209,163874,166389,168754,170967,173029,174942,176709,178335,179825,181185,182421,183541,184550,185458,186270,186995,187640,188211,188714,189158,189546,189885,190181,190437,190658,190849,191013,191153,191273,191374,191460,191533,191594,191645,191687,191723,191752,191776,191796,191812,191825,191836,191845,191852,191857,191862,191865,191868,191870,191872,191873,191874,191875,191875,191876,191876,191877,191877,191877,191877,191877,191877,191877,191877,191877,191877,191877,191877,191877,191877,191877,191877,191877,191877,191877,191877,191877,191877,191877,191877,191877,191877,191877,191877,191877,191877,191877,191877,191877,191877,191877,191877,191877,191877,191877,191877,191877,191877,191877,191877,191877,191877,191877,191877,191877,191877,191877,191877,191877,191877,191877,191877,191877,191877,191877,191877,191877,191877,191877,191877,191877,191877,191877,191877,191877,191877,191877,191877,191877,191877,191877,191877,191877,191877,191877,191877,191877,191877,191877,191877,191877,191877,191877,191877,191877,191877,191877,191877,191877,191877,191877,191877,191877,191877,191877,191877,191877,191877,191877,191877,191877,191877,191877,191877,191877,191877,191877,191877,191877,191877,191877,191877,191877,191877,191877,191877,191877,191877,191877,191877,191877,191877,191877,191877,191877,191877,191877,191877,191877,191877,191877,191877,191877,191877,191877,191877,191877,191877,191877,191877,191877,191877,191877,191877,191877,191877,191877,191877,191877,191877,191877,191877,191877,191877,191877,191877,191877,191877,191877,191877,191877,191877,191877,191877,191877,191877,191877,191877,191877,191877,191877,191877,191877,191877,191877,191877,191877,191877,191877,191877,191877,191877,191877,191877,191877,191878,191876,191876,191874,191874,191889,191898,191850,191900,191901,191945,191914
inferred-cdf-2,5.00203e-05,5.01358e-05,5.10688e-05,5.20191e-05,5.29872e-05,5.39732e-05,5.49777e-05,5.60008e-05,5.70429e-05,5.81044e-05,5.91857e-05,6.02871e-05,6.14091e-05,6.25518e-05,6.37159e-05,6.49016e-05,6.61094e-05,6.73396e-05,6.85928e-05,6.98692e-05,7.11695e-05,7.24939e-05,7.38429e-05,7.52171e-05,7.66168e-05,7.80426e-05,7.94949e-05,8.09742e-05,8.24811e-05,8.4016e-05,8.55794e-05,8.7172e-05,8.87942e-05,9.04466e-05,9.21297e-05,9.38441e-05,9.55905e-05,9.73693e-05,9.91812e-05,0.000101027,0.000102907,0.000104822,0.000106772,0.000108759,0.000110783,0.000112845,0.000114945,0.000117084,0.000119262,0.000121482,0.000123742,0.000126045,0.000128391,0.00013078,0.000133213,0.000135692,0.000138217,0.000140789,0.000143409,0.000146078,0.000148796,0.000151565,0.000154385,0.000157258,0.000160184,0.000163165,0.000166201,0.000169294,0.000172444,0.000175653,0.000178921,0.000182251,0.000185642,0.000189096,0.000192615,0.000196199,0.00019985,0.000203569,0.000207357,0.000211215,0.000215145,0.000219148,0.000223226,0.00022738,0.000231611,0.00023592,0.00024031,0.000244782,0.000249336,0.000253976,0.000258701,0.000263515,0.000268418,0.000273413,0.0002785,0.000283682,0.00028896,0.000294337,0.000299813,0.000305392,0.000311074,0.000316862,0.000322757,0.000328762,0.000334879,0.00034111,0.000347457,0.000353921,0.000360506,0.000367214,0.000374046,0.000381005,0.000388094,0.000395314,0.000402669,0.000410161,0.000417792,0.000425565,0.000433482,0.000441547,0.000449762,0.000458129,0.000466653,0.000475334,0.000484177,0.000493185,0.00050236,0.000511706,0.000521225,0.000530922,0.000540799,0.00055086,0.000561107,0.000571545,0.000582178,0.000593008,0.000604039,0.000615276,0.000626721,0.00063838,0.000650255,0.000662351,0.000674672,0.000687221,0.000700005,0.000713026,0.000726289,0.000739798,0.000753559,0.000767575,0.000781852,0.000796395,0.000811208,0.000826296,0.000841665,0.000857319,0.000873265,0.000889506,0.00090605,0.000922901,0.000940066,0.000957549,0.000975357,0.000993497,0.00101197,0.00103079,0.00104996,0.00106949,0.00108938,0.00110963,0.00113027,0.00115129,0.0011727,0.0011945,0.00121671,0.00123934,0.00126238,0.00128586,0.00130976,0.00133412,0.00135892,0.00138419,0.00140992,0.00143614,0.00146284,0.00149003,0.00151773,0.00154595,0.00157469,0.00160396,0.00163378,0.00166415,0.00169508,0.00172659,0.00175869,0.00179138,0.00182467,0.00185859,0.00189313,0.00192832,0.00196415,0.00200066,0.00203784,0.00207571,0.00211428,0.00215357,0.00219359,0.00223435,0.00227587,0.00231816,0.00236123,0.0024051,0.00244979,0.0024953,0.00254166,0.00258887,0.00263697,0.00268595,0.00273585,0.00278666,0.00283842,0.00289114,0.00294484,0.00299953,0.00305524,0.00311198,0.00316977,0.00322863,0.00328858,0.00334964,0.00341183,0.00347517,0.00353969,0.00360541,0.00367233,0.0037405,0.00380993,0.00388065,0.00395268,0.00402603,0.00410075,0.00417685,0.00425436,0.0043333,0.0044137,0.00449559,0.00457899,0.00466393,0.00475045,0.00483856,0.00492831,0.00501971,0.0051128,0.00520762,0.00530418,0.00540253,0.00550269,0.00560471,0.00570861,0.00581443,0.0059222,0.00603196,0.00614374,0.00625759,0.00637354,0.00649163,0.00661189,0.00673438,0.00685912,0.00698616,0.00711554,0.00724731,0.00738151,0.00751817,0.00765736,0.0077991,0.00794346,0.00809047,0.00824019,0.00839267,0.00854794,0.00870608,0.00886712,0.00903112,0.00919814,0.00936822,0.00954143,0.00971782,0.00989745,0.0100804,0.0102667,0.0104564,0.0106495,0.0108463,0.0110466,0.0112506,0.0114583,0.0116699,0.0118853,0.0121046,0.012328,0.0125555,0.0127871,0.0130229,0.0132631,0.0135076,0.0137567,0.0140102,0.0142684,0.0145313,0.014799,0.0150716,0.0153491,0.0156317,0.0159195,0.0162124,0.0165107,0.0168145,0.0171237,0.0174386,0.0177592,0.0180856,0.0184179,0.0187563,0.0191008,0.0194515,0.0198086,0.0201721,0.0205422,0.020919,0.0213026,0.0216932,0.0220908,0.0224956,0.0229076,0.0233271,0.0237541,0.0241889,0.0246314,0.0250819,0.0255405,0.0260073,0.0264825,0.0269662,0.0274586,0.0279597,0.0284699,0.0289891,0.0295177,0.0300556,0.0306032,0.0311605,0.0317277,0.032305,0.0328926,0.0334906,0.0340992,0.0347186,0.0353489,0.0359904,0.0366432,0.0373076,0.0379837,0.0386717,0.0393717,0.0400841,0.0408091,0.0415467,0.0422972,0.0430609,0.0438379,0.0446285,0.0454329,0.0462513,0.0470839,0.047931,0.0487927,0.0496695,0.0505613,0.0514686,0.0523915,0.0533304,0.0542853,0.0552567,0.0562447,0.0572497,0.0582718,0.0593114,0.0603686,0.0614439,0.0625374,0.0636494,0.0647802,0.0659302,0.0670995,0.0682885,0.0694974,0.0707266,0.0719763,0.0732469,0.0745386,0.0758518,0.0771867,0.0785437,0.0799231,0.0813252,0.0827504,0.0841988,0.0856709,0.087167,0.0886874,0.0902325,0.0918025,0.0933978,0.0950187,0.0966656,0.0983389,0.100039,0.101766,0.10352,0.105302,0.107111,0.10895,0.110817,0.112713,0.114638,0.116593,0.118578,0.120594,0.12264,0.124717,0.126826,0.128967,0.13114,0.133345,0.135583,0.137854,0.140159,0.142497,0.14487,0.147277,0.149719,0.152195,0.154708,0.157256,0.159839,0.16246,0.165116,0.16781,0.17054,0.173308,0.176114,0.178958,0.181839,0.184759,0.187718,0.190716,0.193752,0.196828,0.199943,0.203098,0.206292,0.209526,0.212801,0.216115,0.21947,0.222865,0.2263,0.229776,0.233293,0.236849,0.240447,0.244085,0.247763,0.251482,0.255241,0.25904,0.262879,0.266759,0.270678,0.274637,0.278635,0.282672,0.286748,0.290863,0.295016,0.299207,0.303435,0.3077,0.312003,0.316341,0.320715,0.325124,0.329568,0.334045,0.338557,0.3431,0.347676,0.352283,0.35692,0.361587,0.366283,0.371007,0.375758,0.380535,0.385337,0.390162,0.395011,0.399882,0.404773,0.409684,0.414614,0.41956,0.424522,0.429498,0.434488,0.439489,0.444501,0.449521,0.454549,0.459582,0.46462,0.46966,0.474702,0.479742,0.484781,0.489815,0.494844,0.499865,0.504877,0.509878,0.514866,0.519839,0.524796,0.529735,0.534654,0.53955,0.544423,0.54927,0.55409,0.55888,0.563639,0.568365,0.573057,0.577711,0.582328,0.586904,0.591438,0.595928,0.600374,0.604772,0.609122,0.613423,0.617671,0.621867,0.626008,0.630094,0.634123,0.638093,0.642004,0.645855,0.649644,0.653371,0.657035,0.660635,0.66417,0.667639,0.671043,0.67438,0.677651,0.680855,0.683991,0.68706,0.690062,0.692997,0.695865,0.698666,0.7014,0.704069,0.706673,0.709211,0.711686,0.714098,0.716448,0.718736,0.720965,0.723134,0.725246,0.727301,0.729301,0.731248,0.733142,0.734986,0.736781,0.738528,0.74023,0.741888,0.743503,0.745079,0.746616,0.748116,0.749581,0.751014,0.752415,0.753787,0.755132,0.756451,0.757746,0.75902,0.760273,0.761509,0.762727,0.763931,0.765122,0.766301,0.76747,0.768631,0.769785,0.770933,0.772077,0.773219,0.774359,0.775499,0.77664,0.777783,0.778929,0.780079,0.781235,0.782397,0.783565,0.784741,0.785926,0.78712,0.788323,0.789537,0.790762,0.791998,0.793247,0.794507,0.795781,0.797067,0.798367,0.799681,0.801009,0.802351,0.803707,0.805078,0.806464,0.807865,0.80928,0.810711,0.812156,0.813617,0.815093,0.816584,0.81809,0.819612,0.821148,0.8227,0.824266,0.825847,0.827443,0.829053,0.830678,0.832317,0.833971,0.835638,0.837319,0.839014,0.840722,0.842444,0.844178,0.845925,0.847684,0.849455,0.851238,0.853033,0.854838,0.856655,0.858482,0.860319,0.862165,0.864021,0.865886,0.867759,0.869641,0.871529,0.873425,0.875327,0.877235,0.879149,0.881068,0.882991,0.884918,0.886848,0.88878,0.890715,0.892651,0.894588,0.896525,0.898462,0.900397,0.902331,0.904261,0.906189,0.908112,0.910031,0.911944,0.913852,0.915752,0.917644,0.919528,0.921403,0.923267,0.925121,0.926963,0.928793,0.93061,0.932413,0.934202,0.935975,0.937732,0.939472,0.941195,0.942899,0.944584,0.94625,0.947895,0.949518,0.95112,0.9527,0.954256,0.955789,0.957298,0.958782,0.96024,0.961672,0.963078,0.964458,0.96581,0.967134,0.96843,0.969698,0.970937,0.972147,0.973327,0.974479,0.9756,0.976692,0.977754,0.978786,0.979788,0.98076,0.981702,0.982614,0.983497,0.984349,0.985173,0.985967,0.986732,0.987469,0.988177,0.988857,0.98951,0.990136,0.990735,0.991307,0.991854,0.992376,0.992873,0.993346,0.993796,0.994222,0.994627,0.99501,0.995372,0.995714,0.996036,0.996339,0.996624,0.996892,0.997143,0.997377,0.997597,0.997801,0.997991,0.998168,0.998333,0.998485,0.998626,0.998756,0.998875,0.998985,0.999087,0.999179,0.999264,0.999341,0.999412,0.999476,0.999534,0.999586,0.999633,0.999676,0.999715,0.999749,0.99978,0.999807,0.999832,0.999854,0.999873,0.99989,0.999905,0.999918,0.99993,0.99994,0.999948,0.999956,0.999963,0.999968,0.999973,0.999978,0.999981,0.999984,0.999987,0.999989,0.999991,0.999993,0.999994,0.999995,0.999996,0.999997,0.999997,0.999998,0.999998,0.999999,0.999999,0.999999,0.999999,0.999999,1,1,1,1,1,1,1,1,1,1,1,1,1,1,1,1,1,1,1,1,1,1,1,1,1,1,1,1,1,1,1,1,1,1,1,1,1
inferred-pdf-2,0.000100037,0.000100037,0.000100037,0.000100037,0.000100037,0.000100037,0.000100037,0.000100036,0.000100036,0.000100036,0.000100036,0.000100036,0.000100036,0.000100036,0.000100035,0.000100035,0.000100035,0.000100035,0.000100035,0.000100035,0.000100034,0.000100034,0.000100034,0.000100034,0.000100034,0.000100033,0.000100033,0.000100033,0.000100033,0.000100033,0.000100032,0.000100032,0.000100032,0.000100032,0.000100032,0.000100031,0.000100031,0.000100031,0.000100031,0.00010003,0.00010003,0.00010003,0.00010003,0.000100029,0.000100029,0.000100029,0.000100028,0.000100028,0.000100028,0.000100028,0.000100027,0.000100027,0.000100027,0.000100026,0.000100026,0.000100026,0.000100025,0.000100025,0.000100025,0.000100024,0.000100024,0.000100023,0.000100023,0.000100023,0.000100022,0.000100022,0.000100021,0.000100021,0.000100021,0.00010002,0.00010002,0.000100019,0.000100019,0.000100018,0.000100018,0.000100017,0.000100017,0.000100016,0.000100016,0.000100015,0.000100015,0.000100014,0.000100014,0.000100013,0.000100013,0.000100012,0.000100011,0.000100011,0.00010001,0.00010001,0.000100009,0.000100008,0.000100008,0.000100007,0.000100006,0.000100006,0.000100005,0.000100004,0.000100003,0.000100003,0.000100002,0.000100001,0.0001,9.99994e-05,9.99986e-05,9.99977e-05,9.99968e-05,9.9996e-05,9.99951e-05,9.99942e-05,9.99932e-05,9.99923e-05,9.99913e-05,9.99903e-05,9.99893e-05,9.99883e-05,9.99873e-05,9.99862e-05,9.99852e-05,9.99841e-05,9.99829e-05,9.99818e-05,9.99806e-05,9.99795e-05,9.99783e-05,9.9977e-05,9.99758e-05,9.99745e-05,9.99732e-05,9.99719e-05,9.99706e-05,9.99692e-05,9.99678e-05,9.99664e-05,9.99649e-05,9.99635e-05,9.9962e-05,9.99604e-05,9.99589e-05,9.99573e-05,9.99557e-05,9.9954e-05,9.99524e-05,9.99506e-05,9.99489e-05,9.99471e-05,9.99453e-05,9.99435e-05,9.99416e-05,9.99397e-05,9.99378e-05,9.99358e-05,9.99338e-05,9.99317e-05,9.99296e-05,9.99275e-05,9.99254e-05,9.99231e-05,9.99209e-05,9.99186e-05,9.99163e-05,9.99139e-05,9.99115e-05,9.9909e-05,9.99065e-05,9.99039e-05,9.99013e-05,9.98987e-05,9.9896e-05,9.98932e-05,9.98904e-05,9.98875e-05,9.98846e-05,9.98817e-05,9.98787e-05,9.98756e-05,9.98724e-05,9.98693e-05,9.9866e-05,9.98627e-05,9.98593e-05,9.98559e-05,9.98524e-05,9.98488e-05,9.98452e-05,9.98415e-05,9.98377e-05,9.98339e-05,9.983e-05,9.9826e-05,9.98219e-05,9.98178e-05,9.98136e-05,9.98093e-05,9.9805e-05,9.98005e-05,9.9796e-05,9.97914e-05,9.97867e-05,9.97819e-05,9.9777e-05,9.97721e-05,9.9767e-05,9.97619e-05,9.97566e-05,9.97513e-05,9.97458e-05,9.97403e-05,9.97346e-05,9.97289e-05,9.9723e-05,9.97171e-05,9.9711e-05,9.97048e-05,9.96985e-05,9.96921e-05,9.96855e-05,9.96789e-05,9.96721e-05,9.96652e-05,9.96581e-05,9.9651e-05,9.96437e-05,9.96362e-05,9.96287e-05,9.9621e-05,9.96131e-05,9.96051e-05,9.95969e-05,9.95886e-05,9.95802e-05,9.95716e-05,9.95628e-05,9.95539e-05,9.95448e-05,9.95355e-05,9.95261e-05,9.95164e-05,9.95066e-05,9.94967e-05,9.94865e-05,9.94762e-05,9.94656e-05,9.94549e-05,9.9444e-05,9.94328e-05,9.94215e-05,9.94099e-05,9.93982e-05,9.93862e-05,9.9374e-05,9.93616e-05,9.93489e-05,9.9336e-05,9.93229e-05,9.93095e-05,9.92959e-05,9.9282e-05,9.92679e-05,9.92535e-05,9.92389e-05,9.92239e-05,9.92087e-05,9.91933e-05,9.91775e-05,9.91614e-05,9.91451e-05,9.91284e-05,9.91115e-05,9.90942e-05,9.90766e-05,9.90587e-05,9.90405e-05,9.90219e-05,9.9003e-05,9.89837e-05,9.89641e-05,9.89441e-05,9.89237e-05,9.8903e-05,9.88819e-05,9.88604e-05,9.88385e-05,9.88162e-05,9.87935e-05,9.87704e-05,9.87468e-05,9.87228e-05,9.86984e-05,9.86735e-05,9.86482e-05,9.86224e-05,9.85962e-05,9.85694e-05,9.85422e-05,9.85145e-05,9.84862e-05,9.84575e-05,9.84282e-05,9.83983e-05,9.8368e-05,9.83371e-05,9.83056e-05,9.82735e-05,9.82409e-05,9.82076e-05,9.81738e-05,9.81393e-05,9.81042e-05,9.80685e-05,9.80321e-05,9.7995e-05,9.79573e-05,9.79189e-05,9.78798e-05,9.78399e-05,9.77994e-05,9.77581e-05,9.77161e-05,9.76733e-05,9.76297e-05,9.75853e-05,9.75401e-05,9.74942e-05,9.74473e-05,9.73997e-05,9.73511e-05,9.73017e-05,9.72514e-05,9.72002e-05,9.7148e-05,9.7095e-05,9.70409e-05,9.69859e-05,9.69299e-05,9.68729e-05,9.68148e-05,9.67558e-05,9.66956e-05,9.66344e-05,9.65721e-05,9.65086e-05,9.6444e-05,9.63783e-05,9.63114e-05,9.62433e-05,9.6174e-05,9.61034e-05,9.60316e-05,9.59585e-05,9.5884e-05,9.58083e-05,9.57312e-05,9.56528e-05,9.55729e-05,9.54917e-05,9.5409e-05,9.53248e-05,9.52392e-05,9.5152e-05,9.50633e-05,9.4973e-05,9.48812e-05,9.47877e-05,9.46926e-05,9.45958e-05,9.44973e-05,9.43971e-05,9.42951e-05,9.41913e-05,9.40858e-05,9.39784e-05,9.38691e-05,9.37579e-05,9.36448e-05,9.35297e-05,9.34127e-05,9.32936e-05,9.31724e-05,9.30492e-05,9.29238e-05,9.27963e-05,9.26666e-05,9.25347e-05,9.24005e-05,9.2264e-05,9.21252e-05,9.1984e-05,9.18404e-05,9.16944e-05,9.15459e-05,9.13949e-05,9.12413e-05,9.10851e-05,9.09264e-05,9.07649e-05,9.06008e-05,9.04339e-05,9.02642e-05,9.00917e-05,8.99163e-05,8.9738e-05,8.95568e-05,8.93726e-05,8.91854e-05,8.8995e-05,8.88016e-05,8.8605e-05,8.84052e-05,8.82021e-05,8.79958e-05,8.77861e-05,8.7573e-05,8.73565e-05,8.71366e-05,8.69131e-05,8.66861e-05,8.64554e-05,8.62211e-05,8.59831e-05,8.57414e-05,8.54959e-05,8.52465e-05,8.49933e-05,8.47361e-05,8.4475e-05,8.42099e-05,8.39406e-05,8.36673e-05,8.33898e-05,8.31081e-05,8.28222e-05,8.2532e-05,8.22374e-05,8.19385e-05,8.16351e-05,8.13272e-05,8.10149e-05,8.06979e-05,8.03764e-05,8.00503e-05,7.97194e-05,7.93838e-05,7.90435e-05,7.86983e-05,7.83483e-05,7.79934e-05,7.76336e-05,7.72688e-05,7.68991e-05,7.65243e-05,7.61444e-05,7.57595e-05,7.53694e-05,7.49742e-05,7.45737e-05,7.41681e-05,7.37572e-05,7.33411e-05,7.29197e-05,7.24929e-05,7.20609e-05,7.16235e-05,7.11807e-05,7.07326e-05,7.02791e-05,6.98202e-05,6.93559e-05,6.88862e-05,6.84111e-05,6.79306e-05,6.74447e-05,6.69534e-05,6.64567e-05,6.59546e-05,6.54471e-05,6.49344e-05,6.44162e-05,6.38928e-05,6.33641e-05,6.28302e-05,6.22911e-05,6.17468e-05,6.11973e-05,6.06428e-05,6.00832e-05,5.95186e-05,5.89492e-05,5.83748e-05,5.77957e-05,5.72118e-05,5.66232e-05,5.60301e-05,5.54325e-05,5.48305e-05,5.42241e-05,5.36136e-05,5.29989e-05,5.23802e-05,5.17577e-05,5.11313e-05,5.05013e-05,4.98678e-05,4.92308e-05,4.85906e-05,4.79473e-05,4.7301e-05,4.66519e-05,4.60002e-05,4.53459e-05,4.46894e-05,4.40307e-05,4.337e-05,4.27075e-05,4.20434e-05,4.13779e-05,4.07113e-05,4.00436e-05,3.93751e-05,3.87061e-05,3.80367e-05,3.73672e-05,3.66977e-05,3.60286e-05,3.53601e-05,3.46923e-05,3.40256e-05,3.33602e-05,3.26963e-05,3.20341e-05,3.13741e-05,3.07163e-05,3.00611e-05,2.94087e-05,2.87593e-05,2.81134e-05,2.7471e-05,2.68325e-05,2.61981e-05,2.55681e-05,2.49428e-05,2.43224e-05,2.37073e-05,2.30975e-05,2.24935e-05,2.18954e-05,2.13036e-05,2.07182e-05,2.01395e-05,1.95678e-05,1.90033e-05,1.84462e-05,1.78967e-05,1.73551e-05,1.68215e-05,1.62963e-05,1.57795e-05,1.52714e-05,1.47721e-05,1.42818e-05,1.38008e-05,1.3329e-05,1.28668e-05,1.24141e-05,1.19712e-05,1.15381e-05,1.1115e-05,1.07019e-05,1.02989e-05,9.90609e-06,9.52351e-06,9.15119e-06,8.78917e-06,8.43746e-06,8.09607e-06,7.76497e-06,7.44415e-06,7.13357e-06,6.83319e-06,6.54294e-06,6.26274e-06,5.99252e-06,5.73217e-06,5.48159e-06,5.24066e-06,5.00924e-06,4.78718e-06,4.57435e-06,4.37057e-06,4.17568e-06,3.98949e-06,3.81182e-06,3.64246e-06,3.48122e-06,3.32788e-06,3.18223e-06,3.04405e-06,2.91311e-06,2.78917e-06,2.67202e-06,2.5614e-06,2.45709e-06,2.35885e-06,2.26642e-06,2.17959e-06,2.09809e-06,2.0217e-06,1.95019e-06,1.88331e-06,1.82083e-06,1.76254e-06,1.7082e-06,1.6576e-06,1.61052e-06,1.56676e-06,1.52612e-06,1.48839e-06,1.45339e-06,1.42093e-06,1.39084e-06,1.36295e-06,1.3371e-06,1.31312e-06,1.29088e-06,1.27023e-06,1.25104e-06,1.23318e-06,1.21654e-06,1.201e-06,1.18646e-06,1.17281e-06,1.15998e-06,1.14786e-06,1.1364e-06,1.1255e-06,1.11511e-06,1.10515e-06,1.09559e-06,1.08636e-06,1.07741e-06,1.06871e-06,1.06022e-06,1.05189e-06,1.0437e-06,1.03563e-06,1.02764e-06,1.01971e-06,1.01183e-06,1.00398e-06,9.96132e-07,9.88286e-07,9.80426e-07,9.72543e-07,9.64627e-07,9.56672e-07,9.48671e-07,9.40619e-07,9.32511e-07,9.24345e-07,9.16116e-07,9.07823e-07,8.99463e-07,8.91036e-07,8.82541e-07,8.73977e-07,8.65343e-07,8.56641e-07,8.47869e-07,8.39028e-07,8.3012e-07,8.21145e-07,8.12103e-07,8.02997e-07,7.93826e-07,7.84593e-07,7.753e-07,7.65946e-07,7.56535e-07,7.47068e-07,7.37546e-07,7.27972e-07,7.18348e-07,7.08675e-07,6.98956e-07,6.89194e-07,6.7939e-07,6.69547e-07,6.59667e-07,6.49753e-07,6.39809e-07,6.29835e-07,6.19836e-07,6.09813e-07,5.99771e-07,5.89712e-07,5.79639e-07,5.69556e-07,5.59465e-07,5.4937e-07,5.39275e-07,5.29182e-07,5.19096e-07,5.0902e-07,4.98957e-07,4.88912e-07,4.78887e-07,4.68887e-07,4.58916e-07,4.48977e-07,4.39074e-07,4.29212e-07,4.19394e-07,4.09624e-07,3.99906e-07,3.90244e-07,3.80642e-07,3.71105e-07,3.61635e-07,3.52238e-07,3.42917e-07,3.33676e-07,3.24519e-07,3.1545e-07,3.06473e-07,2.97591e-07,2.88809e-07,2.80129e-07,2.71556e-07,2.63093e-07,2.54744e-07,2.46512e-07,2.384e-07,2.30411e-07,2.22549e-07,2.14816e-07,2.07216e-07,1.99751e-07,1.92423e-07,1.85235e-07,1.78189e-07,1.71288e-07,1.64532e-07,1.57925e-07,1.51468e-07,1.45162e-07,1.39008e-07,1.33008e-07,1.27163e-07,1.21473e-07,1.15938e-07,1.1056e-07,1.05338e-07,1.00273e-07,9.5363e-08,9.06092e-08,8.60104e-08,8.1566e-08,7.72749e-08,7.31359e-08,6.91478e-08,6.53089e-08,6.16177e-08,5.80721e-08,5.46702e-08,5.14099e-08,4.82886e-08,4.53041e-08,4.24536e-08,3.97343e-08,3.71434e-08,3.46779e-08,3.23348e-08,3.01107e-08,2.80024e-08,2.60066e-08,2.41198e-08,2.23386e-08,2.06594e-08,1.90787e-08,1.75928e-08,1.61982e-08,1.48912e-08,1.36683e-08,1.25258e-08,1.14602e-08,1.04679e-08,9.54543e-09,8.68931e-09,7.89615e-09,7.16263e-09,6.48546e-09,5.86148e-09,5.28756e-09,4.7607e-09,4.27798e-09,3.83656e-09,3.43372e-09,3.06684e-09,2.7334e-09,2.43101e-09,2.15736e-09,1.91026e-09,1.68764e-09,1.48752e-09,1.30807e-09,1.14751e-09,1.00421e-09,8.76623e-10,7.63316e-10,6.62944e-10,5.74262e-10,4.96116e-10,4.27438e-10,3.67248e-10,3.14644e-10,2.688e-10,2.28964e-10,1.9445e-10,1.64637e-10,1.38964e-10,1.16925e-10,9.80656e-11,8.19794e-11,6.83037e-11,5.67164e-11,4.69322e-11,3.86992e-11,3.17962e-11,2.60291e-11,2.12288e-11,1.72483e-11,1.39601e-11,1.12543e-11,9.03669e-12,7.22646e-12,5.75487e-12,4.56358e-12,3.6033e-12,2.8326e-12,2.2168e-12,1.72697e-12,1.33914e-12,1.0335e-12,7.93786e-13,6.06683e-13,4.61369e-13,3.49077e-13,2.62748e-13,1.96726e-13,1.46503e-13,1.08505e-13,7.9914e-14,5.85228e-14,4.26099e-14,3.08411e-14,2.2189e-14,1.58666e-14,1.12751e-14,7.96151e-15,5.58544e-15,3.89273e-15,2.69485e-15,1.85287e-15,1.26509e-15,8.57646e-16,5.77262e-16,3.85685e-16,2.5575e-16,1.68306e-16,1.09884e-16,7.11895e-17,4.57544e-17,2.91528e-17,1.84359e-17,1.15482e-17,7.1772e-18
model-iicr-2
model-cdf-2
model-pdf-2
time-3,1,1.00231,1.02096,1.03996,1.05931,1.07903,1.09911,1.11956,1.1404,1.16162,1.18324,1.20526,1.22769,1.25054,1.27381,1.29752,1.32166,1.34626,1.37131,1.39684,1.42283,1.44931,1.47628,1.50376,1.53174,1.56025,1.58928,1.61886,1.64899,1.67967,1.71093,1.74277,1.77521,1.80824,1.8419,1.87617,1.91109,1.94666,1.98288,2.01979,2.05737,2.09566,2.13466,2.17439,2.21486,2.25607,2.29806,2.34083,2.38439,2.42876,2.47396,2.52,2.5669,2.61467,2.66333,2.7129,2.76339,2.81481,2.8672,2.92056,2.97491,3.03027,3.08666,3.14411,3.20262,3.26222,3.32293,3.38477,3.44776,3.51193,3.57729,3.64386,3.71167,3.78075,3.85111,3.92278,3.99578,4.07014,4.14589,4.22304,4.30164,4.38169,4.46323,4.5463,4.6309,4.71708,4.80487,4.89429,4.98537,5.07815,5.17266,5.26892,5.36698,5.46686,5.5686,5.67223,5.77779,5.88532,5.99484,6.10641,6.22005,6.3358,6.45372,6.57382,6.69616,6.82078,6.94771,7.07701,7.20872,7.34287,7.47952,7.61872,7.7605,7.90493,8.05204,8.20189,8.35453,8.51001,8.66838,8.8297,8.99402,9.1614,9.3319,9.50557,9.68247,9.86266,10.0462,10.2332,10.4236,10.6176,10.8152,11.0165,11.2215,11.4303,11.643,11.8597,12.0804,12.3052,12.5342,12.7675,13.0051,13.2471,13.4937,13.7448,14.0006,14.2611,14.5265,14.7969,15.0723,15.3528,15.6385,15.9295,16.226,16.5279,16.8355,17.1488,17.468,17.793,18.1242,18.4615,18.805,19.155,19.5115,19.8746,20.2445,20.6212,21.005,21.3959,21.7941,22.1997,22.6128,23.0336,23.4623,23.8989,24.3437,24.7967,25.2582,25.7283,26.2071,26.6948,27.1916,27.6976,28.2131,28.7381,29.2729,29.8177,30.3726,30.9379,31.5136,32.1001,32.6975,33.306,33.9258,34.5572,35.2003,35.8554,36.5227,37.2024,37.8947,38.5999,39.3183,40.05,40.7953,41.5546,42.3279,43.1156,43.918,44.7353,45.5679,46.4159,47.2797,48.1596,49.0558,49.9688,50.8987,51.8459,52.8108,53.7936,54.7947,55.8145,56.8532,57.9112,58.989,60.0868,61.205,62.344,63.5043,64.6861,65.8899,67.1161,68.3652,69.6374,70.9334,72.2535,73.5981,74.9678,76.363,77.7841,79.2317,80.7062,82.2082,83.7381,85.2964,86.8838,88.5007,90.1478,91.8254,93.5343,95.275,97.0481,98.8542,100.694,102.568,104.477,106.421,108.401,110.419,112.474,114.567,116.699,118.871,121.083,123.336,125.632,127.97,130.351,132.777,135.248,137.765,140.329,142.94,145.601,148.31,151.07,153.882,156.746,159.663,162.634,165.661,168.744,171.884,175.083,178.341,181.66,185.041,188.484,191.992,195.565,199.205,202.912,206.688,210.535,214.453,218.444,222.509,226.65,230.868,235.164,239.541,243.999,248.539,253.165,257.876,262.675,267.564,272.543,277.615,282.782,288.044,293.405,298.865,304.427,310.093,315.864,321.742,327.729,333.829,340.041,346.369,352.815,359.381,366.07,372.882,379.822,386.89,394.09,401.424,408.895,416.504,424.256,432.151,440.194,448.386,456.73,465.23,473.888,482.707,491.69,500.841,510.162,519.656,529.327,539.177,549.212,559.433,569.844,580.449,591.251,602.254,613.462,624.879,636.508,648.353,660.419,672.71,685.229,697.981,710.971,724.202,737.68,751.408,765.392,779.636,794.145,808.924,823.979,839.313,854.933,870.843,887.05,903.558,920.373,937.502,954.949,972.72,990.823,1009.26,1028.04,1047.18,1066.66,1086.52,1106.74,1127.33,1148.31,1169.68,1191.45,1213.62,1236.21,1259.22,1282.65,1306.52,1330.83,1355.6,1380.83,1406.53,1432.7,1459.37,1486.52,1514.19,1542.37,1571.07,1600.31,1630.09,1660.43,1691.33,1722.81,1754.87,1787.53,1820.79,1854.68,1889.19,1924.35,1960.16,1996.64,2033.8,2071.65,2110.2,2149.47,2189.48,2230.22,2271.73,2314.01,2357.07,2400.93,2445.62,2491.13,2537.49,2584.71,2632.82,2681.81,2731.72,2782.56,2834.34,2887.09,2940.82,2995.55,3051.3,3108.08,3165.92,3224.84,3284.86,3345.99,3408.26,3471.69,3536.3,3602.11,3669.14,3737.43,3806.98,3877.83,3950,4023.51,4098.38,4174.66,4252.35,4331.48,4412.09,4494.2,4577.84,4663.03,4749.81,4838.21,4928.25,5019.97,5113.39,5208.55,5305.48,5404.22,5504.79,5607.23,5711.59,5817.88,5926.15,6036.44,6148.78,6263.21,6379.77,6498.5,6619.43,6742.62,6868.1,6995.92,7126.12,7258.73,7393.82,7531.42,7671.58,7814.35,7959.78,8107.91,8258.8,8412.5,8569.06,8728.53,8890.97,9056.43,9224.97,9396.65,9571.52,9749.65,9931.09,10115.9,10304.2,10495.9,10691.3,10890.2,11092.9,11299.3,11509.6,11723.8,11942,12164.2,12390.6,12621.2,12856.1,13095.4,13339.1,13587.3,13840.2,14097.7,14360.1,14627.3,14899.6,15176.8,15459.3,15747,16040,16338.5,16642.6,16952.3,17267.8,17589.2,17916.5,18249.9,18589.6,18935.5,19287.9,19646.9,20012.5,20384.9,20764.3,21150.7,21544.3,21945.3,22353.7,22769.7,23193.5,23625.1,24064.8,24512.6,24968.8,25433.5,25906.8,26388.9,26880,27380.3,27889.8,28408.8,28937.5,29476.1,30024.6,30583.4,31152.5,31732.3,32322.8,32924.4,33537.1,34161.2,34797,35444.6,36104.2,36776.1,37460.5,38157.6,38867.8,39591.1,40327.9,41078.4,41842.9,42621.6,43414.8,44222.7,45045.7,45884,46738,47607.8,48493.7,49396.2,50315.5,51251.9,52205.7,53177.2,54166.9,55174.9,56201.7,57247.7,58313.1,59398.3,60503.7,61629.7,62776.6,63944.9,65134.9,66347.1,67581.8,68839.5,70120.6,71425.6,72754.8,74108.8,75488,76892.8,78323.8,79781.4,81266.2,82778.6,84319.1,85888.3,87486.7,89114.8,90773.3,92462.6,94183.3,95936.1,97721.5,99540.1,101393,103279,105202,107159,109154,111185,113254,115362,117509,119696,121923,124192,126503,128858,131256,133698,136187,138721,141303,143932,146611,149339,152119,154950,157833,160770,163762,166810,169914,173077,176298,179578,182920,186325,189792,193324,196922,200587,204320,208122,211995,215941,219959,224053,228222,232470,236796,241203,245692,250264,254921,259666,264498,269420,274434,279542,284744,290043,295441,300939,306540,312244,318055,323974,330003,336145,342401,348773,355263,361875,368610,375469,382457,389575,396825,404210,411732,419394,427199,435150,443248,451497,459899,468458,477176,486056,495102,504316,513701,523261,532999,542919,553022,563314,573798,584476,595353,606433,617719,629215,640924,652852,665002,677378,689984,702824,715904,729227,742798,756622,770703,785046,799655,814537,829696,845137,860865,876886,893205,909827,926759,944006,961575,979470,997698,1.01627e+06,1.03518e+06,1.05444e+06,1.07407e+06,1.09405e+06,1.11442e+06,1.13515e+06,1.15628e+06,1.1778e+06,1.19972e+06,1.22204e+06,1.24479e+06,1.26795e+06,1.29155e+06,1.31559e+06,1.34007e+06,1.36501e+06,1.39041e+06,1.41629e+06,1.44264e+06,1.46949e+06,1.49684e+06,1.5247e+06,1.55307e+06,1.58197e+06,1.61141e+06,1.6414e+06,1.67195e+06,1.70307e+06,1.73476e+06,1.76704e+06,1.79993e+06,1.83343e+06,1.86755e+06,1.9023e+06,1.9377e+06,1.97376e+06,2.0105e+06,2.04791e+06,2.08602e+06,2.12485e+06,2.16439e+06,2.20467e+06,2.2457e+06,2.28749e+06,2.33006e+06,2.37342e+06,2.41759e+06,2.46259e+06,2.50842e+06,2.5551e+06,2.60265e+06,2.65108e+06,2.70042e+06,2.75068e+06,2.80187e+06,2.85401e+06,2.90712e+06,2.96123e+06,3.01633e+06,3.07247e+06,3.12965e+06,3.18789e+06,3.24722e+06,3.30765e+06,3.36921e+06,3.43191e+06,3.49578e+06,3.56083e+06,3.6271e+06,3.6946e+06,3.76336e+06,3.8334e+06,3.90474e+06,3.9774e+06,4.05142e+06,4.12682e+06,4.20362e+06,4.28185e+06,4.36154e+06,4.44271e+06,4.52539e+06,4.6096e+06,4.69539e+06,4.78277e+06,4.87178e+06,4.96244e+06,5.0548e+06,5.14887e+06,5.24469e+06,5.34229e+06,5.44171e+06,5.54299e+06,5.64614e+06,5.75122e+06,5.85825e+06,5.96727e+06,6.07832e+06,6.19144e+06,6.30667e+06,6.42403e+06,6.54359e+06,6.66536e+06,6.78941e+06,6.91576e+06,7.04446e+06,7.17556e+06,7.3091e+06,7.44512e+06,7.58368e+06,7.72481e+06,7.86857e+06,8.01501e+06,8.16417e+06,8.3161e+06,8.47087e+06,8.62851e+06,8.78909e+06,8.95266e+06,9.11927e+06,9.28898e+06,9.46185e+06,9.63793e+06,9.8173e+06,1e+07
source-iicr-3,100.036,100.037,100.037,100.038,100.039,100.039,100.04,100.041,100.042,100.042,100.043,100.044,100.045,100.046,100.046,100.047,100.048,100.049,100.05,100.051,100.052,100.053,100.054,100.055,100.056,100.057,100.058,100.059,100.06,100.061,100.062,100.064,100.065,100.066,100.067,100.069,100.07,100.071,100.072,100.074,100.075,100.077,100.078,100.08,100.081,100.083,100.084,100.086,100.087,100.089,100.091,100.092,100.094,100.096,100.098,100.099,100.101,100.103,100.105,100.107,100.109,100.111,100.113,100.115,100.117,100.12,100.122,100.124,100.127,100.129,100.131,100.134,100.136,100.139,100.141,100.144,100.147,100.15,100.152,100.155,100.158,100.161,100.164,100.167,100.17,100.174,100.177,100.18,100.184,100.187,100.191,100.194,100.198,100.202,100.205,100.209,100.213,100.217,100.221,100.226,100.23,100.234,100.239,100.243,100.248,100.253,100.257,100.262,100.267,100.272,100.277,100.283,100.288,100.294,100.299,100.305,100.311,100.317,100.323,100.329,100.335,100.341,100.348,100.354,100.361,100.368,100.375,100.382,100.39,100.397,100.405,100.412,100.42,100.428,100.437,100.445,100.454,100.462,100.471,100.48,100.49,100.499,100.509,100.518,100.528,100.539,100.549,100.56,100.57,100.581,100.593,100.604,100.616,100.628,100.64,100.653,100.665,100.678,100.692,100.705,100.719,100.733,100.747,100.762,100.777,100.792,100.808,100.824,100.84,100.856,100.873,100.891,100.908,100.926,100.945,100.963,100.982,101.002,101.022,101.042,101.063,101.084,101.106,101.128,101.151,101.174,101.198,101.222,101.247,101.272,101.298,101.324,101.351,101.378,101.406,101.435,101.465,101.495,101.525,101.557,101.589,101.622,101.655,101.689,101.724,101.76,101.797,101.835,101.873,101.912,101.953,101.994,102.036,102.079,102.123,102.168,102.214,102.262,102.31,102.36,102.411,102.463,102.516,102.571,102.627,102.684,102.743,102.803,102.865,102.928,102.993,103.06,103.128,103.198,103.27,103.343,103.419,103.496,103.576,103.658,103.742,103.828,103.916,104.007,104.101,104.196,104.295,104.396,104.5,104.607,104.717,104.831,104.947,105.067,105.19,105.317,105.448,105.582,105.72,105.863,106.01,106.161,106.317,106.478,106.644,106.815,106.991,107.173,107.361,107.555,107.756,107.962,108.176,108.397,108.625,108.861,109.105,109.358,109.619,109.89,110.17,110.46,110.76,111.072,111.395,111.729,112.077,112.437,112.811,113.2,113.604,114.023,114.459,114.913,115.385,115.876,116.387,116.92,117.475,118.054,118.657,119.287,119.944,120.631,121.348,122.098,122.882,123.702,124.561,125.46,126.403,127.391,128.427,129.515,130.657,131.858,133.12,134.447,135.844,137.315,138.866,140.501,142.225,144.047,145.97,148.004,150.156,152.433,154.846,157.403,160.116,162.996,166.055,169.307,172.768,176.452,180.378,184.565,189.033,193.806,198.908,204.366,210.211,216.474,223.192,230.404,238.152,246.484,255.452,265.112,275.527,286.767,298.906,312.029,326.226,341.601,358.264,376.339,395.961,417.28,440.46,465.683,493.148,523.076,555.706,591.303,630.156,672.581,718.924,769.556,824.885,885.345,951.405,1023.56,1102.35,1188.31,1282.02,1384.06,1495.03,1615.51,1746.04,1887.16,2039.3,2202.83,2378,2564.89,2763.45,2973.39,3194.2,3425.16,3665.27,3913.3,4167.76,4427.01,4689.22,4952.46,5214.79,5474.27,5729.09,5977.58,6218.3,6450.05,6671.94,6883.33,7083.89,7273.54,7452.44,7620.95,7779.61,7929.06,8070.05,8203.38,8329.87,8450.36,8565.65,8676.54,8783.76,8888.01,8989.93,9090.1,9189.06,9287.28,9385.2,9483.19,9581.61,9680.74,9780.85,9882.19,9984.96,10089.3,10195.5,10303.5,10413.7,10525.9,10640.5,10757.4,10876.8,10998.7,11123.2,11250.4,11380.3,11513.1,11648.7,11787.3,11928.9,12073.5,12221.2,12372.1,12526.3,12683.7,12844.5,13008.6,13176.2,13347.3,13522,13700.3,13882.2,14067.8,14257.2,14450.4,14647.4,14848.4,15053.3,15262.2,15475.2,15692.3,15913.5,16138.9,16368.5,16602.4,16840.6,17083.1,17330.1,17581.5,17837.3,18097.7,18362.6,18632,18906.1,19184.9,19468.3,19756.5,20049.4,20347.1,20649.7,20957.1,21269.4,21586.7,21908.9,22236.2,22568.5,22905.8,23248.4,23596,23948.9,24307,24670.5,25039.2,25413.4,25793,26178,26568.6,26964.8,27366.6,27774.1,28187.3,28606.3,29031.2,29462,29898.7,30341.5,30790.4,31245.4,31706.6,32174.1,32647.9,33128.1,33614.8,34108,34607.8,35114.2,35627.4,36147.3,36674.1,37207.7,37748.4,38296,38850.8,39412.7,39981.8,40558.2,41142,41733.1,42331.8,42937.9,43551.7,44173.2,44802.4,45439.4,46084.3,46737.1,47398,48067.1,48744.3,49429.8,50123.7,50826,51536.9,52256.5,52984.8,53722,54468.2,55223.5,55988,56761.9,57545.2,58338.2,59140.9,59953.5,60776.2,61609.1,62452.4,63306.3,64170.9,65046.3,65932.9,66830.7,67739.9,68660.8,69593.5,70538.3,71495.2,72464.6,73446.6,74441.4,75449.3,76470.3,77504.7,78552.7,79614.4,80690.1,81779.9,82883.9,84002.4,85135.4,86283.1,87445.6,88623,89815.4,91022.8,92245.3,93483,94735.8,96003.6,97286.6,98584.5,99897.3,101225,102567,103924,105294,106679,108077,109488,110912,112349,113797,115257,116727,118208,119698,121197,122704,124218,125738,127264,128794,130328,131864,133401,134938,136474,138008,139539,141064,142584,144096,145599,147093,148575,150044,151499,152938,154361,155765,157151,158515,159858,161178,162473,163744,164988,166205,167395,168555,169686,170787,171857,172896,173903,174878,175821,176732,177610,178456,179269,180050,180799,181517,182203,182859,183484,184079,184645,185183,185693,186175,186632,187062,187468,187851,188210,188547,188862,189158,189434,189691,189931,190153,190360,190551,190729,190892,191043,191182,191310,191427,191534,191632,191722,191803,191877,191945,192006,192061,192111,192156,192196,192232,192265,192294,192320,192343,192364,192382,192398,192412,192425,192436,192446,192455,192462,192469,192474,192479,192484,192488,192491,192494,192496,192498,192500,192501,192503,192504,192505,192506,192506,192507,192507,192508,192508,192508,192509,192509,192509,192509,192509,192509,192509,192509,192510,192510,192510,192510,192510,192510,192510,192510,192510,192510,192510,192510,192510,192510,192510,192510,192510,192510,192510,192510,192510,192510,192510,192510,192510,192510,192510,192510,192510,192510,192510,192510,192510,192510,192510,192510,192510,192510,192510,192510,192510,192510,192510,192510,192510,192510,192510,192510,192510,192510,192510,192510,192510,192510,192510,192510,192510,192510,192510,192510,192510,192510,192510,192510,192510,192510,192510,192510,192510,192510,192510,192510,192510,192510,192510,192510,192510,192510,192510,192510,192510,192510,192510,192510,192510,192510,192510,192510,192510,192510,192510,192510,192510,192510,192510,192510,192510,192510,192510,192510,192510,192510,192510,192510,192510,192510,192510,192510,192510,192510,192510,192510,192510,192510,192510,192510,192510,192510,192510,192510,192510,192510,192510,192510,192510,192510,192510,192510,192510,192510,192510,192510,192510,192510,192510
source-cdf-3,0.00999641,2.30669e-05,0.000209508,0.000399381,0.000592749,0.000789677,0.000990227,0.00119447,0.00140246,0.00161429,0.00183,0.00204968,0.0022734,0.00250122,0.00273324,0.00296951,0.00321012,0.00345514,0.00370466,0.00395876,0.00421752,0.00448102,0.00474935,0.0050226,0.00530085,0.0055842,0.00587273,0.00616655,0.00646574,0.0067704,0.00708064,0.00739654,0.00771822,0.00804577,0.0083793,0.00871892,0.00906473,0.00941686,0.0097754,0.0101405,0.0105122,0.0108907,0.0112761,0.0116685,0.012068,0.0124748,0.012889,0.0133107,0.0137401,0.0141772,0.0146223,0.0150755,0.0155369,0.0160066,0.0164848,0.0169717,0.0174674,0.017972,0.0184858,0.0190088,0.0195413,0.0200833,0.0206352,0.021197,0.0217689,0.022351,0.0229437,0.023547,0.0241611,0.0247862,0.0254225,0.0260703,0.0267296,0.0274007,0.0280839,0.0287792,0.0294869,0.0302073,0.0309405,0.0316867,0.0324463,0.0332193,0.034006,0.0348067,0.0356217,0.036451,0.037295,0.0381539,0.039028,0.0399175,0.0408227,0.0417438,0.0426812,0.043635,0.0446055,0.045593,0.0465979,0.0476203,0.0486605,0.0497189,0.0507958,0.0518914,0.053006,0.05414,0.0552936,0.0564672,0.0576611,0.0588755,0.060111,0.0613676,0.0626459,0.0639461,0.0652686,0.0666137,0.0679818,0.0693731,0.0707882,0.0722273,0.0736908,0.0751791,0.0766925,0.0782314,0.0797963,0.0813874,0.0830052,0.0846501,0.0863224,0.0880226,0.0897511,0.0915082,0.0932944,0.0951101,0.0969557,0.0988317,0.100738,0.102676,0.104646,0.106647,0.108681,0.110748,0.112848,0.114982,0.117151,0.119354,0.121592,0.123865,0.126175,0.128521,0.130904,0.133325,0.135783,0.138279,0.140815,0.143389,0.146004,0.148658,0.151353,0.154089,0.156866,0.159686,0.162547,0.165452,0.1684,0.171392,0.174427,0.177508,0.180633,0.183804,0.187021,0.190284,0.193594,0.196951,0.200355,0.203807,0.207308,0.210857,0.214456,0.218103,0.221801,0.225549,0.229347,0.233195,0.237095,0.241046,0.245049,0.249103,0.25321,0.257369,0.261581,0.265845,0.270163,0.274533,0.278957,0.283434,0.287965,0.292549,0.297187,0.301879,0.306624,0.311423,0.316275,0.321182,0.326141,0.331155,0.336221,0.34134,0.346513,0.351737,0.357015,0.362344,0.367725,0.373157,0.37864,0.384173,0.389757,0.39539,0.401071,0.406801,0.412579,0.418403,0.424274,0.43019,0.43615,0.442154,0.448201,0.45429,0.46042,0.466589,0.472797,0.479042,0.485324,0.491641,0.497991,0.504374,0.510788,0.517231,0.523703,0.5302,0.536723,0.543269,0.549837,0.556424,0.563029,0.56965,0.576286,0.582934,0.589592,0.596259,0.602932,0.609609,0.616288,0.622966,0.629642,0.636314,0.642978,0.649634,0.656277,0.662906,0.669519,0.676113,0.682685,0.689234,0.695756,0.702249,0.708711,0.715138,0.72153,0.727882,0.734193,0.74046,0.74668,0.752851,0.758971,0.765037,0.771046,0.776997,0.782887,0.788713,0.794474,0.800167,0.80579,0.81134,0.816817,0.822217,0.827539,0.832781,0.837942,0.843019,0.84801,0.852916,0.857733,0.862461,0.867098,0.871643,0.876096,0.880455,0.884719,0.888887,0.89296,0.896936,0.900816,0.904598,0.908282,0.91187,0.91536,0.918752,0.922048,0.925247,0.92835,0.931357,0.93427,0.937089,0.939815,0.942448,0.944991,0.947444,0.949809,0.952086,0.954278,0.956386,0.958411,0.960356,0.962221,0.964009,0.965721,0.96736,0.968927,0.970424,0.971854,0.973217,0.974516,0.975754,0.976932,0.978052,0.979116,0.980126,0.981085,0.981994,0.982855,0.98367,0.984441,0.985169,0.985858,0.986508,0.987121,0.987699,0.988243,0.988756,0.989239,0.989692,0.990119,0.990519,0.990895,0.991248,0.991579,0.991889,0.992179,0.992451,0.992706,0.992944,0.993166,0.993374,0.993568,0.993749,0.993918,0.994076,0.994223,0.99436,0.994488,0.994607,0.994717,0.99482,0.994916,0.995005,0.995088,0.995165,0.995237,0.995304,0.995366,0.995424,0.995478,0.995528,0.995574,0.995618,0.995659,0.995697,0.995733,0.995766,0.995798,0.995827,0.995855,0.995882,0.995907,0.995931,0.995954,0.995976,0.995997,0.996017,0.996037,0.996056,0.996074,0.996093,0.99611,0.996128,0.996145,0.996162,0.996178,0.996195,0.996211,0.996228,0.996244,0.99626,0.996276,0.996292,0.996308,0.996325,0.996341,0.996357,0.996373,0.99639,0.996406,0.996422,0.996439,0.996455,0.996472,0.996489,0.996505,0.996522,0.996539,0.996556,0.996573,0.99659,0.996607,0.996624,0.996641,0.996658,0.996675,0.996692,0.996709,0.996727,0.996744,0.996761,0.996779,0.996796,0.996814,0.996831,0.996848,0.996866,0.996883,0.996901,0.996918,0.996936,0.996953,0.996971,0.996988,0.997006,0.997023,0.997041,0.997058,0.997075,0.997093,0.99711,0.997128,0.997145,0.997162,0.997179,0.997197,0.997214,0.997231,0.997248,0.997265,0.997282,0.9973,0.997317,0.997333,0.99735,0.997367,0.997384,0.997401,0.997418,0.997434,0.997451,0.997468,0.997484,0.997501,0.997517,0.997534,0.99755,0.997566,0.997583,0.997599,0.997615,0.997631,0.997647,0.997663,0.997679,0.997695,0.997711,0.997727,0.997743,0.997758,0.997774,0.99779,0.997805,0.997821,0.997836,0.997851,0.997867,0.997882,0.997897,0.997913,0.997928,0.997943,0.997958,0.997973,0.997988,0.998002,0.998017,0.998032,0.998047,0.998061,0.998076,0.99809,0.998105,0.998119,0.998134,0.998148,0.998162,0.998177,0.998191,0.998205,0.998219,0.998233,0.998247,0.998261,0.998275,0.998289,0.998302,0.998316,0.99833,0.998343,0.998357,0.99837,0.998384,0.998397,0.99841,0.998424,0.998437,0.99845,0.998463,0.998476,0.998489,0.998502,0.998515,0.998528,0.998541,0.998554,0.998567,0.998579,0.998592,0.998604,0.998617,0.998629,0.998642,0.998654,0.998666,0.998679,0.998691,0.998703,0.998715,0.998727,0.998739,0.998751,0.998763,0.998775,0.998787,0.998798,0.99881,0.998822,0.998833,0.998845,0.998856,0.998867,0.998879,0.99889,0.998901,0.998912,0.998923,0.998934,0.998945,0.998956,0.998967,0.998978,0.998989,0.998999,0.99901,0.999021,0.999031,0.999042,0.999052,0.999062,0.999073,0.999083,0.999093,0.999103,0.999113,0.999123,0.999133,0.999143,0.999153,0.999163,0.999172,0.999182,0.999192,0.999201,0.999211,0.99922,0.999229,0.999239,0.999248,0.999257,0.999266,0.999276,0.999285,0.999294,0.999303,0.999312,0.999321,0.999329,0.999338,0.999347,0.999356,0.999365,0.999373,0.999382,0.99939,0.999399,0.999407,0.999416,0.999424,0.999433,0.999441,0.999449,0.999458,0.999466,0.999474,0.999482,0.999491,0.999499,0.999507,0.999515,0.999523,0.999531,0.999539,0.999547,0.999555,0.999563,0.999571,0.999579,0.999586,0.999594,0.999602,0.99961,0.999617,0.999625,0.999633,0.99964,0.999648,0.999655,0.999663,0.99967,0.999677,0.999685,0.999692,0.999699,0.999706,0.999714,0.999721,0.999728,0.999735,0.999742,0.999748,0.999755,0.999762,0.999768,0.999775,0.999781,0.999788,0.999794,0.999801,0.999807,0.999813,0.999819,0.999825,0.999831,0.999836,0.999842,0.999847,0.999853,0.999858,0.999863,0.999869,0.999874,0.999879,0.999883,0.999888,0.999893,0.999897,0.999902,0.999906,0.99991,0.999914,0.999918,0.999922,0.999926,0.999929,0.999933,0.999936,0.999939,0.999943,0.999946,0.999949,0.999951,0.999954,0.999957,0.999959,0.999962,0.999964,0.999966,0.999968,0.99997,0.999972,0.999974,0.999976,0.999977,0.999979,0.99998,0.999982,0.999983,0.999984,0.999986,0.999987,0.999988,0.999989,0.99999,0.99999,0.999991,0.999992,0.999993,0.999993,0.999994,0.999995,0.999995,0.999996,0.999996,0.999996,0.999997,0.999997,0.999997,0.999998,0.999998,0.999998,0.999998,0.999999,0.999999,0.999999,0.999999,0.999999,0.999999,0.999999,0.999999,0.999999,1,1,1,1,1,1,1,1,1,1,1,1,1,1,1,1,1,1,1,1,1,1,1,1,1,1,1,1,1,1,1,1,1,1,1,1,1,1,1,1,1,1,1,1,1,1,1,1,1,1,1,1,1,1,1,1,1,1,1,1,1,1,1,1,1,1,1,1,1,1,1,1,1,1,1,1,1,1,1,1,1,1,1,1,1,1,1,1,1,1,1,1,1,1,1,1,1,1,1,1,1,1,1,1
source-pdf-3,0.00989649,0.00999612,0.00999418,0.00999222,0.00999021,0.00998817,0.00998609,0.00998398,0.00998182,0.00997963,0.00997739,0.00997512,0.0099728,0.00997044,0.00996803,0.00996559,0.00996309,0.00996056,0.00995797,0.00995534,0.00995266,0.00994993,0.00994715,0.00994431,0.00994143,0.0099385,0.00993551,0.00993246,0.00992936,0.00992621,0.00992299,0.00991972,0.00991639,0.00991299,0.00990954,0.00990602,0.00990244,0.00989879,0.00989507,0.00989129,0.00988744,0.00988352,0.00987953,0.00987546,0.00987132,0.00986711,0.00986282,0.00985845,0.009854,0.00984947,0.00984486,0.00984017,0.00983539,0.00983052,0.00982557,0.00982053,0.00981539,0.00981016,0.00980484,0.00979942,0.00979391,0.00978829,0.00978258,0.00977676,0.00977084,0.00976481,0.00975867,0.00975242,0.00974606,0.00973958,0.00973299,0.00972628,0.00971946,0.00971251,0.00970543,0.00969823,0.0096909,0.00968344,0.00967585,0.00966812,0.00966025,0.00965225,0.0096441,0.00963581,0.00962737,0.00961878,0.00961004,0.00960115,0.0095921,0.00958289,0.00957352,0.00956398,0.00955428,0.0095444,0.00953435,0.00952413,0.00951373,0.00950314,0.00949237,0.00948141,0.00947027,0.00945893,0.00944739,0.00943565,0.00942371,0.00941156,0.0093992,0.00938663,0.00937385,0.00936084,0.00934761,0.00933415,0.00932047,0.00930655,0.00929239,0.00927799,0.00926335,0.00924846,0.00923331,0.00921791,0.00920225,0.00918633,0.00917014,0.00915368,0.00913694,0.00911993,0.00910263,0.00908504,0.00906716,0.00904898,0.00903051,0.00901173,0.00899264,0.00897324,0.00895352,0.00893348,0.00891311,0.00889242,0.00887139,0.00885002,0.0088283,0.00880624,0.00878382,0.00876105,0.00873792,0.00871441,0.00869054,0.00866629,0.00864166,0.00861665,0.00859125,0.00856545,0.00853925,0.00851265,0.00848564,0.00845822,0.00843038,0.00840212,0.00837343,0.00834431,0.00831475,0.00828476,0.00825432,0.00822343,0.00819208,0.00816028,0.00812802,0.00809529,0.00806208,0.00802841,0.00799425,0.00795961,0.00792448,0.00788886,0.00785275,0.00781613,0.00777902,0.0077414,0.00770327,0.00766462,0.00762546,0.00758578,0.00754558,0.00750486,0.0074636,0.00742182,0.00737951,0.00733666,0.00729327,0.00724934,0.00720488,0.00715987,0.00711432,0.00706823,0.00702159,0.00697441,0.00692668,0.00687841,0.00682959,0.00678023,0.00673032,0.00667987,0.00662887,0.00657734,0.00652527,0.00647266,0.00641951,0.00636584,0.00631164,0.00625691,0.00620167,0.0061459,0.00608963,0.00603285,0.00597557,0.0059178,0.00585954,0.00580079,0.00574157,0.00568189,0.00562174,0.00556115,0.00550011,0.00543865,0.00537676,0.00531446,0.00525176,0.00518867,0.0051252,0.00506137,0.00499719,0.00493267,0.00486783,0.00480268,0.00473723,0.0046715,0.00460552,0.00453928,0.00447282,0.00440614,0.00433927,0.00427223,0.00420502,0.00413769,0.00407024,0.00400269,0.00393507,0.00386739,0.00379968,0.00373197,0.00366426,0.0035966,0.00352899,0.00346147,0.00339406,0.00332678,0.00325966,0.00319272,0.00312599,0.00305949,0.00299326,0.00292731,0.00286166,0.00279636,0.00273142,0.00266687,0.00260274,0.00253904,0.00247582,0.00241309,0.00235088,0.00228921,0.00222812,0.00216762,0.00210774,0.0020485,0.00198994,0.00193207,0.00187491,0.00181849,0.00176283,0.00170795,0.00165387,0.00160061,0.0015482,0.00149664,0.00144596,0.00139617,0.00134729,0.00129933,0.00125231,0.00120624,0.00116113,0.00111699,0.00107384,0.00103167,0.000990498,0.000950331,0.000911172,0.000873024,0.000835891,0.000799772,0.000764669,0.00073058,0.000697503,0.000665434,0.000634368,0.0006043,0.000575222,0.000547127,0.000520004,0.000493843,0.000468634,0.000444362,0.000421016,0.00039858,0.000377038,0.000356376,0.000336575,0.000317619,0.000299488,0.000282164,0.000265627,0.000249856,0.000234832,0.000220533,0.000206938,0.000194024,0.000181771,0.000170156,0.000159157,0.000148752,0.000138919,0.000129635,0.000120879,0.000112629,0.000104863,9.75605e-05,9.07002e-05,8.42615e-05,7.82243e-05,7.2569e-05,6.72763e-05,6.23276e-05,5.77047e-05,5.33899e-05,4.93662e-05,4.56173e-05,4.21272e-05,3.88807e-05,3.58633e-05,3.3061e-05,3.04603e-05,2.80487e-05,2.58139e-05,2.37444e-05,2.18294e-05,2.00585e-05,1.84219e-05,1.69104e-05,1.55154e-05,1.42287e-05,1.30426e-05,1.19499e-05,1.09439e-05,1.00184e-05,9.16736e-06,8.38537e-06,7.66729e-06,7.00835e-06,6.40412e-06,5.85045e-06,5.3435e-06,4.8797e-06,4.45573e-06,4.0685e-06,3.71516e-06,3.39302e-06,3.09964e-06,2.83271e-06,2.59011e-06,2.36987e-06,2.17014e-06,1.98923e-06,1.82557e-06,1.67768e-06,1.54422e-06,1.42392e-06,1.31561e-06,1.21824e-06,1.13078e-06,1.05233e-06,9.82036e-07,9.19111e-07,8.62835e-07,8.12544e-07,7.6763e-07,7.27536e-07,6.9175e-07,6.59808e-07,6.31287e-07,6.058e-07,5.83e-07,5.62572e-07,5.4423e-07,5.27721e-07,5.12814e-07,4.99306e-07,4.87015e-07,4.75778e-07,4.65453e-07,4.55914e-07,4.47049e-07,4.38763e-07,4.30971e-07,4.23599e-07,4.16585e-07,4.09873e-07,4.03417e-07,3.97177e-07,3.91119e-07,3.85216e-07,3.79442e-07,3.73779e-07,3.6821e-07,3.62722e-07,3.57302e-07,3.51944e-07,3.46639e-07,3.41382e-07,3.3617e-07,3.30998e-07,3.25865e-07,3.20769e-07,3.15708e-07,3.10684e-07,3.05695e-07,3.00741e-07,2.95824e-07,2.90943e-07,2.86099e-07,2.81294e-07,2.76528e-07,2.71802e-07,2.67117e-07,2.62473e-07,2.57873e-07,2.53317e-07,2.48806e-07,2.4434e-07,2.39922e-07,2.35551e-07,2.31228e-07,2.26955e-07,2.22732e-07,2.18559e-07,2.14438e-07,2.10369e-07,2.06352e-07,2.02388e-07,1.98478e-07,1.94622e-07,1.9082e-07,1.87072e-07,1.8338e-07,1.79742e-07,1.7616e-07,1.72632e-07,1.69161e-07,1.65744e-07,1.62383e-07,1.59078e-07,1.55827e-07,1.52632e-07,1.49491e-07,1.46405e-07,1.43374e-07,1.40396e-07,1.37472e-07,1.34601e-07,1.31783e-07,1.29017e-07,1.26303e-07,1.2364e-07,1.21028e-07,1.18467e-07,1.15955e-07,1.13492e-07,1.11077e-07,1.08711e-07,1.06391e-07,1.04118e-07,1.0189e-07,9.97077e-08,9.75695e-08,9.54749e-08,9.34232e-08,9.14137e-08,8.94456e-08,8.75183e-08,8.56309e-08,8.37828e-08,8.19732e-08,8.02015e-08,7.84669e-08,7.67687e-08,7.51062e-08,7.34788e-08,7.18856e-08,7.03262e-08,6.87997e-08,6.73056e-08,6.58431e-08,6.44117e-08,6.30107e-08,6.16395e-08,6.02974e-08,5.8984e-08,5.76986e-08,5.64406e-08,5.52095e-08,5.40047e-08,5.28257e-08,5.16719e-08,5.05428e-08,4.9438e-08,4.83568e-08,4.72989e-08,4.62636e-08,4.52506e-08,4.42594e-08,4.32895e-08,4.23405e-08,4.14119e-08,4.05033e-08,3.96143e-08,3.87445e-08,3.78933e-08,3.70606e-08,3.62457e-08,3.54485e-08,3.46684e-08,3.39051e-08,3.31582e-08,3.24274e-08,3.17124e-08,3.10127e-08,3.0328e-08,2.96581e-08,2.90025e-08,2.8361e-08,2.77332e-08,2.71188e-08,2.65176e-08,2.59292e-08,2.53533e-08,2.47897e-08,2.42381e-08,2.36982e-08,2.31698e-08,2.26526e-08,2.21463e-08,2.16507e-08,2.11656e-08,2.06907e-08,2.02259e-08,1.97708e-08,1.93253e-08,1.88892e-08,1.84623e-08,1.80443e-08,1.76352e-08,1.72346e-08,1.68424e-08,1.64585e-08,1.60827e-08,1.57148e-08,1.53546e-08,1.50021e-08,1.4657e-08,1.43192e-08,1.39885e-08,1.36649e-08,1.33482e-08,1.30382e-08,1.27349e-08,1.24381e-08,1.21476e-08,1.18635e-08,1.15855e-08,1.13136e-08,1.10476e-08,1.07875e-08,1.05331e-08,1.02843e-08,1.00411e-08,9.80335e-09,9.57093e-09,9.34376e-09,9.12177e-09,8.90485e-09,8.69292e-09,8.4859e-09,8.28369e-09,8.08621e-09,7.89338e-09,7.70512e-09,7.52134e-09,7.34196e-09,7.16691e-09,6.9961e-09,6.82945e-09,6.66689e-09,6.50833e-09,6.3537e-09,6.20292e-09,6.05592e-09,5.91261e-09,5.77292e-09,5.63678e-09,5.5041e-09,5.37482e-09,5.24885e-09,5.12612e-09,5.00656e-09,4.89009e-09,4.77664e-09,4.66614e-09,4.5585e-09,4.45366e-09,4.35154e-09,4.25207e-09,4.15517e-09,4.06079e-09,3.96884e-09,3.87925e-09,3.79196e-09,3.70689e-09,3.62398e-09,3.54315e-09,3.46435e-09,3.38751e-09,3.31255e-09,3.23942e-09,3.16805e-09,3.09838e-09,3.03035e-09,2.9639e-09,2.89898e-09,2.83551e-09,2.77346e-09,2.71276e-09,2.65336e-09,2.59521e-09,2.53826e-09,2.48247e-09,2.42778e-09,2.37415e-09,2.32154e-09,2.2699e-09,2.21921e-09,2.16941e-09,2.12047e-09,2.07236e-09,2.02505e-09,1.9785e-09,1.93269e-09,1.88759e-09,1.84317e-09,1.79941e-09,1.75629e-09,1.71379e-09,1.67188e-09,1.63056e-09,1.58981e-09,1.54961e-09,1.50995e-09,1.47082e-09,1.43221e-09,1.39411e-09,1.35653e-09,1.31944e-09,1.28285e-09,1.24676e-09,1.21116e-09,1.17605e-09,1.14143e-09,1.10731e-09,1.07367e-09,1.04054e-09,1.0079e-09,9.75771e-10,9.44146e-10,9.13031e-10,8.82433e-10,8.52355e-10,8.22804e-10,7.93785e-10,7.65302e-10,7.37362e-10,7.09969e-10,6.83129e-10,6.56848e-10,6.31129e-10,6.05977e-10,5.81398e-10,5.57393e-10,5.33968e-10,5.11124e-10,4.88866e-10,4.67193e-10,4.46108e-10,4.25612e-10,4.05706e-10,3.86387e-10,3.67657e-10,3.49513e-10,3.31953e-10,3.14973e-10,2.98572e-10,2.82743e-10,2.67483e-10,2.52786e-10,2.38646e-10,2.25056e-10,2.12009e-10,1.99496e-10,1.8751e-10,1.76041e-10,1.65079e-10,1.54615e-10,1.44638e-10,1.35137e-10,1.26101e-10,1.17517e-10,1.09374e-10,1.0166e-10,9.43607e-11,8.74645e-11,8.09579e-11,7.48275e-11,6.90601e-11,6.36422e-11,5.85602e-11,5.38007e-11,4.935e-11,4.51949e-11,4.13219e-11,3.77179e-11,3.43698e-11,3.12648e-11,2.83902e-11,2.57336e-11,2.32831e-11,2.10267e-11,1.8953e-11,1.70508e-11,1.53094e-11,1.37183e-11,1.22674e-11,1.09473e-11,9.74848e-12,8.66225e-12,7.68016e-12,6.79417e-12,5.9967e-12,5.28055e-12,4.63893e-12,4.06546e-12,3.55414e-12,3.09937e-12,2.69591e-12,2.3389e-12,2.0238e-12,1.74645e-12,1.50297e-12,1.28984e-12,1.10378e-12,9.41821e-13,8.01261e-13,6.7963e-13,5.74699e-13,4.84455e-13,4.07085e-13,3.40966e-13,2.84646e-13,2.36831e-13,1.96375e-13,1.62263e-13,1.33602e-13,1.09606e-13,8.95888e-14,7.29532e-14,5.918e-14,4.78206e-14,3.84886e-14,3.08528e-14,2.46303e-14,1.95805e-14,1.54997e-14,1.22162e-14,9.58567e-15,7.48772e-15,5.82211e-15,4.50586e-15,3.47059e-15,2.66024e-15,2.02902e-15,1.5398e-15,1.16255e-15,8.7315e-16,6.52307e-16,4.84683e-16,3.58148e-16,2.63162e-16,1.92262e-16,1.39645e-16,1.00826e-16,7.23583e-17,5.16086e-17,3.65784e-17,2.576e-17,1.80232e-17,1.25266e-17,8.64751e-18,5.92864e-18,4.03616e-18,2.72819e-18,1.83069e-18,1.21936e-18,8.0605e-19,5.28747e-19,3.44133e-19,2.22194e-19,1.423e-19,9.03803e-20,5.69213e-20,3.55418e-20,2.19987e-20,1.34951e-20,8.20366e-21,4.94101e-21,2.94799e-21,1.74205e-21,1.0194e-21,5.90608e-22,3.3872e-22,1.9226e-22,1.07984e-22,6.00025e-23,3.29784e-23,1.79247e-23,9.63265e-24,5.11706e-24,2.68648e-24,1.3936e-24,7.14148e-25,3.61439e-25,1.80625e-25,8.91073e-26,4.33849e-26,2.08424e-26,9.8771e-27,4.61612e-27,2.12704e-27,9.6608e-28,4.32386e-28,1.90648e-28,8.27893e-29,3.53976e-29,1.48973e-29,6.16944e-30,2.51339e-30,1.00697e-30,3.96622e-31,1.53536e-31
inferred-iicr-3,9992.89,9992.89,9992.89,9992.9,9992.9,9992.9,9992.91,9992.91,9992.91,9992.92,9992.92,9992.93,9992.93,9992.93,9992.94,9992.94,9992.95,9992.95,9992.96,9992.96,9992.96,9992.97,9992.97,9992.98,9992.98,9992.99,9992.99,9993,9993.01,9993.01,9993.02,9993.02,9993.03,9993.03,9993.04,9993.05,9993.05,9993.06,9993.07,9993.07,9993.08,9993.09,9993.09,9993.1,9993.11,9993.11,9993.12,9993.13,9993.14,9993.15,9993.15,9993.16,9993.17,9993.18,9993.19,9993.2,9993.21,9993.21,9993.22,9993.23,9993.24,9993.25,9993.26,9993.27,9993.28,9993.29,9993.31,9993.32,9993.33,9993.34,9993.35,9993.36,9993.38,9993.39,9993.4,9993.41,9993.43,9993.44,9993.45,9993.47,9993.48,9993.5,9993.51,9993.53,9993.54,9993.56,9993.57,9993.59,9993.6,9993.62,9993.64,9993.66,9993.67,9993.69,9993.71,9993.73,9993.75,9993.77,9993.79,9993.81,9993.83,9993.85,9993.87,9993.89,9993.91,9993.93,9993.96,9993.98,9994,9994.03,9994.05,9994.08,9994.1,9994.13,9994.15,9994.18,9994.21,9994.24,9994.27,9994.29,9994.32,9994.35,9994.38,9994.42,9994.45,9994.48,9994.51,9994.55,9994.58,9994.62,9994.65,9994.69,9994.72,9994.76,9994.8,9994.84,9994.88,9994.92,9994.96,9995,9995.04,9995.09,9995.13,9995.18,9995.22,9995.27,9995.32,9995.37,9995.42,9995.47,9995.52,9995.57,9995.62,9995.68,9995.73,9995.79,9995.85,9995.9,9995.96,9996.02,9996.09,9996.15,9996.21,9996.28,9996.35,9996.41,9996.48,9996.55,9996.62,9996.7,9996.77,9996.85,9996.92,9997,9997.08,9997.16,9997.25,9997.33,9997.42,9997.51,9997.59,9997.69,9997.78,9997.87,9997.97,9998.07,9998.17,9998.27,9998.37,9998.48,9998.58,9998.69,9998.81,9998.92,9999.03,9999.15,9999.27,9999.4,9999.52,9999.65,9999.78,9999.91,10000,10000.2,10000.3,10000.5,10000.6,10000.8,10000.9,10001.1,10001.2,10001.4,10001.5,10001.7,10001.9,10002,10002.2,10002.4,10002.6,10002.7,10002.9,10003.1,10003.3,10003.5,10003.7,10003.9,10004.1,10004.3,10004.6,10004.8,10005,10005.2,10005.5,10005.7,10006,10006.2,10006.5,10006.7,10007,10007.2,10007.5,10007.8,10008.1,10008.3,10008.6,10008.9,10009.2,10009.5,10009.9,10010.2,10010.5,10010.8,10011.2,10011.5,10011.9,10012.2,10012.6,10013,10013.4,10013.7,10014.1,10014.5,10014.9,10015.4,10015.8,10016.2,10016.6,10017.1,10017.5,10018,10018.5,10019,10019.5,10020,10020.5,10021,10021.5,10022.1,10022.6,10023.2,10023.7,10024.3,10024.9,10025.5,10026.1,10026.7,10027.4,10028,10028.7,10029.4,10030.1,10030.8,10031.5,10032.2,10032.9,10033.7,10034.5,10035.2,10036,10036.9,10037.7,10038.5,10039.4,10040.3,10041.2,10042.1,10043,10043.9,10044.9,10045.9,10046.9,10047.9,10048.9,10050,10051.1,10052.2,10053.3,10054.4,10055.6,10056.8,10058,10059.2,10060.5,10061.7,10063,10064.4,10065.7,10067.1,10068.5,10069.9,10071.4,10072.9,10074.4,10075.9,10077.5,10079.1,10080.7,10082.4,10084.1,10085.8,10087.6,10089.4,10091.2,10093.1,10095,10096.9,10098.9,10100.9,10102.9,10105,10107.2,10109.3,10111.6,10113.8,10116.1,10118.5,10120.9,10123.3,10125.8,10128.3,10130.9,10133.5,10136.2,10139,10141.8,10144.6,10147.5,10150.5,10153.5,10156.6,10159.7,10162.9,10166.2,10169.5,10172.9,10176.4,10179.9,10183.5,10187.2,10190.9,10194.7,10198.6,10202.6,10206.6,10210.8,10215,10219.3,10223.7,10228.2,10232.7,10237.4,10242.1,10247,10251.9,10257,10262.1,10267.4,10272.7,10278.2,10283.8,10289.5,10295.3,10301.2,10307.3,10313.4,10319.8,10326.2,10332.8,10339.5,10346.3,10353.3,10360.4,10367.7,10375.2,10382.7,10390.5,10398.4,10406.5,10414.8,10423.2,10431.8,10440.6,10449.6,10458.7,10468.1,10477.7,10487.5,10497.5,10507.7,10518.1,10528.8,10539.7,10550.8,10562.2,10573.8,10585.7,10597.8,10610.3,10623,10635.9,10649.2,10662.8,10676.7,10690.9,10705.4,10720.2,10735.4,10751,10766.9,10783.2,10799.8,10816.8,10834.3,10852.1,10870.4,10889.1,10908.3,10927.9,10947.9,10968.5,10989.6,11011.1,11033.2,11055.9,11079.1,11102.9,11127.2,11152.2,11177.8,11204,11230.9,11258.5,11286.8,11315.8,11345.6,11376.2,11407.5,11439.7,11472.7,11506.6,11541.4,11577.1,11613.8,11651.5,11690.2,11730,11770.8,11812.8,11856,11900.4,11946.1,11993,12041.3,12091,12142.1,12194.7,12248.8,12304.6,12362,12421.1,12482,12544.8,12609.5,12676.1,12744.9,12815.8,12888.9,12964.3,13042.1,13122.5,13205.4,13291.1,13379.5,13470.9,13565.4,13663,13763.9,13868.3,13976.3,14088,14203.7,14323.4,14447.4,14575.8,14708.9,14846.8,14989.9,15138.2,15292,15451.7,15617.5,15789.6,15968.4,16154.1,16347.2,16547.9,16756.7,16973.9,17200,17435.4,17680.5,17935.9,18202.1,18479.5,18769,19070.9,19386,19715,20058.6,20417.6,20792.8,21185.1,21595.4,22024.7,22473.9,22944.3,23437,23953.2,24494.1,25061.2,25656,26279.9,26934.6,27621.8,28343.2,29100.9,29896.8,30733,31611.8,32535.4,33506.3,34527,35600.2,36728.7,37915.3,39163,40474.9,41854,43303.7,44827.2,46427.7,48108.7,49873.4,51725.1,53666.9,55701.8,57832.8,60062.5,62393.2,64826.8,67364.9,70008.4,72757.8,75612.7,78572.1,81634.1,84795.7,88053.1,91401.2,94834,98344.1,101923,105561,109248,112972,116719,120477,124231,127966,131668,135322,138913,142428,145851,149172,152378,155461,158410,161220,163884,166400,168764,170976,173038,174950,176717,178343,179832,181192,182427,183546,184555,185462,186275,186999,187643,188214,188717,189160,189548,189887,190182,190438,190660,190850,191014,191154,191274,191375,191461,191533,191594,191645,191688,191723,191752,191776,191796,191812,191825,191836,191845,191852,191857,191862,191865,191868,191870,191872,191873,191874,191875,191875,191876,191876,191877,191877,191877,191877,191877,191877,191877,191877,191877,191877,191877,191877,191877,191877,191877,191877,191877,191877,191877,191877,191877,191877,191877,191877,191877,191877,191877,191877,191877,191877,191877,191877,191877,191877,191877,191877,191877,191877,191877,191877,191877,191877,191877,191877,191877,191877,191877,191877,191877,191877,191877,191877,191877,191877,191877,191877,191877,191877,191877,191877,191877,191877,191877,191877,191877,191877,191877,191877,191877,191877,191877,191877,191877,191877,191877,191877,191877,191877,191877,191877,191877,191877,191877,191877,191877,191877,191877,191877,191877,191877,191877,191877,191877,191877,191877,191877,191877,191877,191877,191877,191877,191877,191877,191877,191877,191877,191877,191877,191877,191877,191877,191877,191877,191877,191877,191877,191877,191877,191877,191877,191877,191877,191877,191877,191877,191877,191877,191877,191877,191877,191877,191877,191877,191877,191877,191877,191877,191877,191877,191877,191877,191877,191877,191877,191877,191877,191877,191877,191877,191877,191877,191877,191877,191877,191877,191877,191877,191877,191877,191877,191877,191877,191877,191877,191877,191877,191877,191877,191877,191877,191877,191877,191877,191877,191877,191877,191877,191877,191877,191877,191877,191877,191877,191877,191877,191878,191878,191878,191879,191880,191881,191877,191882,191892,191900,191903,191900,191864,191940,192011,192082
inferred-cdf-3,5.00348e-05,5.01502e-05,5.10835e-05,5.20341e-05,5.30025e-05,5.39888e-05,5.49935e-05,5.60169e-05,5.70594e-05,5.81212e-05,5.92028e-05,6.03045e-05,6.14268e-05,6.25699e-05,6.37343e-05,6.49203e-05,6.61285e-05,6.73591e-05,6.86126e-05,6.98894e-05,7.119e-05,7.25148e-05,7.38642e-05,7.52388e-05,7.66389e-05,7.80651e-05,7.95178e-05,8.09976e-05,8.25049e-05,8.40402e-05,8.56041e-05,8.71971e-05,8.88198e-05,9.04727e-05,9.21563e-05,9.38712e-05,9.5618e-05,9.73974e-05,9.92098e-05,0.000101056,0.000102937,0.000104852,0.000106803,0.000108791,0.000110815,0.000112877,0.000114978,0.000117117,0.000119297,0.000121517,0.000123778,0.000126081,0.000128428,0.000130817,0.000133252,0.000135731,0.000138257,0.00014083,0.00014345,0.00014612,0.000148839,0.000151608,0.00015443,0.000157303,0.00016023,0.000163212,0.000166249,0.000169343,0.000172494,0.000175704,0.000178973,0.000182303,0.000185696,0.000189151,0.000192671,0.000196256,0.000199908,0.000203627,0.000207416,0.000211276,0.000215207,0.000219212,0.000223291,0.000227445,0.000231678,0.000235988,0.00024038,0.000244852,0.000249408,0.000254049,0.000258776,0.000263591,0.000268496,0.000273491,0.00027858,0.000283764,0.000289044,0.000294422,0.0002999,0.00030548,0.000311164,0.000316953,0.00032285,0.000328857,0.000334976,0.000341209,0.000347557,0.000354024,0.00036061,0.00036732,0.000374154,0.000381115,0.000388206,0.000395428,0.000402785,0.000410279,0.000417912,0.000425688,0.000433607,0.000441675,0.000449892,0.000458262,0.000466787,0.000475471,0.000484317,0.000493327,0.000502505,0.000511854,0.000521376,0.000531075,0.000540955,0.000551018,0.000561269,0.00057171,0.000582346,0.000593179,0.000604214,0.000615453,0.000626902,0.000638564,0.000650442,0.000662542,0.000674866,0.00068742,0.000700207,0.000713231,0.000726498,0.000740011,0.000753776,0.000767797,0.000782078,0.000796625,0.000811442,0.000826534,0.000841908,0.000857566,0.000873516,0.000889763,0.000906311,0.000923167,0.000940337,0.000957825,0.000975639,0.000993783,0.00101226,0.00103109,0.00105027,0.0010698,0.00108969,0.00110995,0.0011306,0.00115162,0.00117303,0.00119485,0.00121706,0.0012397,0.00126275,0.00128623,0.00131014,0.0013345,0.00135931,0.00138459,0.00141033,0.00143655,0.00146326,0.00149046,0.00151817,0.0015464,0.00157514,0.00160442,0.00163425,0.00166463,0.00169557,0.00172709,0.00175919,0.00179189,0.0018252,0.00185912,0.00189368,0.00192887,0.00196472,0.00200124,0.00203843,0.00207631,0.00211489,0.00215419,0.00219422,0.002235,0.00227653,0.00231883,0.00236191,0.00240579,0.00245049,0.00249602,0.00254239,0.00258962,0.00263773,0.00268673,0.00273663,0.00278747,0.00283924,0.00289198,0.00294569,0.0030004,0.00305612,0.00311287,0.00317068,0.00322956,0.00328952,0.0033506,0.00341281,0.00347618,0.00354071,0.00360644,0.00367339,0.00374158,0.00381103,0.00388177,0.00395381,0.00402719,0.00410193,0.00417805,0.00425558,0.00433454,0.00441497,0.00449688,0.00458031,0.00466528,0.00475182,0.00483996,0.00492973,0.00502116,0.00511428,0.00520912,0.00530571,0.00540409,0.00550428,0.00560632,0.00571025,0.0058161,0.0059239,0.00603369,0.00614551,0.00625939,0.00637537,0.0064935,0.0066138,0.00673632,0.00686109,0.00698817,0.00711759,0.0072494,0.00738363,0.00752034,0.00765956,0.00780135,0.00794575,0.0080928,0.00824256,0.00839508,0.0085504,0.00870858,0.00886967,0.00903372,0.00920078,0.00937092,0.00954417,0.00972061,0.00990029,0.0100833,0.0102696,0.0104594,0.0106526,0.0108494,0.0110498,0.0112538,0.0114616,0.0116732,0.0118887,0.0121081,0.0123315,0.0125591,0.0127908,0.0130267,0.0132669,0.0135115,0.0137606,0.0140142,0.0142725,0.0145355,0.0148032,0.0150759,0.0153535,0.0156362,0.015924,0.0162171,0.0165155,0.0168193,0.0171286,0.0174436,0.0177643,0.0180908,0.0184232,0.0187616,0.0191062,0.019457,0.0198142,0.0201779,0.0205481,0.020925,0.0213087,0.0216994,0.0220971,0.022502,0.0229142,0.0233338,0.0237609,0.0241958,0.0246384,0.0250891,0.0255478,0.0260147,0.02649,0.0269739,0.0274664,0.0279677,0.028478,0.0289974,0.0295261,0.0300642,0.0306119,0.0311693,0.0317367,0.0323142,0.0329019,0.0335001,0.0341089,0.0347284,0.0353589,0.0360006,0.0366536,0.0373182,0.0379945,0.0386826,0.0393829,0.0400955,0.0408206,0.0415584,0.0423092,0.0430731,0.0438503,0.0446411,0.0454457,0.0462643,0.0470972,0.0479445,0.0488065,0.0496835,0.0505756,0.0514831,0.0524063,0.0533454,0.0543006,0.0552723,0.0562606,0.0572658,0.0582882,0.059328,0.0603856,0.0614611,0.0625549,0.0636673,0.0647984,0.0659486,0.0671183,0.0683076,0.0695168,0.0707463,0.0719964,0.0732673,0.0745594,0.0758729,0.0772082,0.0785656,0.0799454,0.0813479,0.0827733,0.0842222,0.0856947,0.0871912,0.088712,0.0902574,0.0918279,0.0934236,0.095045,0.0966923,0.098366,0.100066,0.101794,0.103548,0.105331,0.107141,0.10898,0.110847,0.112743,0.114669,0.116625,0.11861,0.120627,0.122673,0.124751,0.126861,0.129002,0.131175,0.133381,0.13562,0.137892,0.140197,0.142536,0.144909,0.147317,0.149759,0.152236,0.154749,0.157298,0.159882,0.162503,0.16516,0.167854,0.170586,0.173354,0.176161,0.179005,0.181887,0.184808,0.187767,0.190766,0.193803,0.196879,0.199995,0.203151,0.206346,0.209581,0.212856,0.216171,0.219527,0.222922,0.226359,0.229835,0.233352,0.23691,0.240508,0.244147,0.247826,0.251545,0.255305,0.259105,0.262945,0.266826,0.270746,0.274705,0.278704,0.282742,0.286819,0.290935,0.295088,0.29928,0.303509,0.307775,0.312078,0.316417,0.320792,0.325202,0.329647,0.334125,0.338637,0.343182,0.347758,0.352366,0.357004,0.361672,0.366369,0.371093,0.375845,0.380622,0.385425,0.390251,0.395101,0.399972,0.404865,0.409776,0.414706,0.419653,0.424616,0.429593,0.434583,0.439585,0.444597,0.449618,0.454647,0.459681,0.464719,0.46976,0.474801,0.479843,0.484881,0.489916,0.494945,0.499967,0.504979,0.50998,0.514969,0.519943,0.5249,0.529839,0.534758,0.539655,0.544528,0.549375,0.554195,0.558986,0.563745,0.568471,0.573162,0.577817,0.582433,0.587009,0.591543,0.596034,0.600479,0.604878,0.609228,0.613528,0.617776,0.621972,0.626113,0.630198,0.634227,0.638197,0.642108,0.645958,0.649747,0.653474,0.657137,0.660737,0.664271,0.66774,0.671144,0.67448,0.677751,0.680954,0.68409,0.687158,0.69016,0.693094,0.695961,0.698761,0.701495,0.704164,0.706767,0.709305,0.711779,0.71419,0.716539,0.718827,0.721055,0.723224,0.725335,0.727389,0.729389,0.731335,0.733229,0.735072,0.736866,0.738613,0.740314,0.741971,0.743587,0.745161,0.746698,0.748197,0.749662,0.751094,0.752495,0.753866,0.75521,0.756529,0.757824,0.759097,0.76035,0.761585,0.762803,0.764006,0.765196,0.766375,0.767544,0.768704,0.769857,0.771005,0.772149,0.77329,0.77443,0.77557,0.77671,0.777853,0.778998,0.780148,0.781304,0.782465,0.783633,0.784808,0.785993,0.787186,0.788389,0.789603,0.790827,0.792063,0.793311,0.794571,0.795844,0.797131,0.79843,0.799744,0.801071,0.802413,0.803768,0.805139,0.806524,0.807924,0.80934,0.81077,0.812215,0.813675,0.815151,0.816641,0.818147,0.819668,0.821204,0.822755,0.824321,0.825901,0.827497,0.829106,0.830731,0.83237,0.834023,0.835689,0.83737,0.839064,0.840772,0.842493,0.844226,0.845973,0.847731,0.849502,0.851284,0.853078,0.854884,0.8567,0.858526,0.860362,0.862208,0.864064,0.865928,0.867801,0.869681,0.871569,0.873464,0.875366,0.877273,0.879187,0.881105,0.883027,0.884953,0.886883,0.888815,0.890749,0.892685,0.894621,0.896558,0.898493,0.900428,0.902361,0.904291,0.906218,0.908141,0.910059,0.911972,0.913878,0.915778,0.91767,0.919553,0.921427,0.923291,0.925144,0.926986,0.928816,0.930632,0.932434,0.934222,0.935995,0.937751,0.939491,0.941213,0.942917,0.944601,0.946266,0.947911,0.949534,0.951136,0.952715,0.954271,0.955803,0.957311,0.958794,0.960252,0.961684,0.96309,0.964469,0.96582,0.967144,0.96844,0.969707,0.970946,0.972155,0.973336,0.974487,0.975608,0.976699,0.977761,0.978793,0.979794,0.980766,0.981708,0.98262,0.983502,0.984354,0.985177,0.985971,0.986736,0.987473,0.988181,0.988861,0.989513,0.990139,0.990737,0.99131,0.991857,0.992378,0.992875,0.993348,0.993798,0.994224,0.994629,0.995011,0.995373,0.995715,0.996037,0.99634,0.996625,0.996893,0.997144,0.997378,0.997597,0.997802,0.997992,0.998169,0.998333,0.998485,0.998626,0.998756,0.998876,0.998986,0.999087,0.999179,0.999264,0.999341,0.999412,0.999476,0.999534,0.999586,0.999634,0.999676,0.999715,0.999749,0.99978,0.999807,0.999832,0.999854,0.999873,0.99989,0.999905,0.999918,0.99993,0.99994,0.999948,0.999956,0.999963,0.999968,0.999973,0.999978,0.999981,0.999984,0.999987,0.999989,0.999991,0.999993,0.999994,0.999995,0.999996,0.999997,0.999997,0.999998,0.999998,0.999999,0.999999,0.999999,0.999999,0.999999,1,1,1,1,1,1,1,1,1,1,1,1,1,1,1,1,1,1,1,1,1,1,1,1,1,1,1,1,1,1,1,1,1,1,1,1,1
inferred-pdf-3,0.000100066,0.000100066,0.000100066,0.000100066,0.000100066,0.000100066,0.000100065,0.000100065,0.000100065,0.000100065,0.000100065,0.000100065,0.000100065,0.000100064,0.000100064,0.000100064,0.000100064,0.000100064,0.000100064,0.000100063,0.000100063,0.000100063,0.000100063,0.000100063,0.000100063,0.000100062,0.000100062,0.000100062,0.000100062,0.000100062,0.000100061,0.000100061,0.000100061,0.000100061,0.00010006,0.00010006,0.00010006,0.00010006,0.000100059,0.000100059,0.000100059,0.000100059,0.000100058,0.000100058,0.000100058,0.000100058,0.000100057,0.000100057,0.000100057,0.000100056,0.000100056,0.000100056,0.000100055,0.000100055,0.000100055,0.000100055,0.000100054,0.000100054,0.000100053,0.000100053,0.000100053,0.000100052,0.000100052,0.000100052,0.000100051,0.000100051,0.00010005,0.00010005,0.00010005,0.000100049,0.000100049,0.000100048,0.000100048,0.000100047,0.000100047,0.000100046,0.000100046,0.000100045,0.000100045,0.000100044,0.000100044,0.000100043,0.000100043,0.000100042,0.000100041,0.000100041,0.00010004,0.00010004,0.000100039,0.000100038,0.000100038,0.000100037,0.000100036,0.000100036,0.000100035,0.000100034,0.000100034,0.000100033,0.000100032,0.000100031,0.000100031,0.00010003,0.000100029,0.000100028,0.000100027,0.000100027,0.000100026,0.000100025,0.000100024,0.000100023,0.000100022,0.000100021,0.00010002,0.000100019,0.000100018,0.000100017,0.000100016,0.000100015,0.000100014,0.000100013,0.000100012,0.000100011,0.000100009,0.000100008,0.000100007,0.000100006,0.000100005,0.000100003,0.000100002,0.000100001,9.99994e-05,9.9998e-05,9.99966e-05,9.99952e-05,9.99938e-05,9.99923e-05,9.99908e-05,9.99893e-05,9.99877e-05,9.99861e-05,9.99845e-05,9.99829e-05,9.99812e-05,9.99795e-05,9.99777e-05,9.9976e-05,9.99742e-05,9.99723e-05,9.99704e-05,9.99685e-05,9.99666e-05,9.99646e-05,9.99626e-05,9.99606e-05,9.99585e-05,9.99563e-05,9.99542e-05,9.9952e-05,9.99497e-05,9.99474e-05,9.99451e-05,9.99427e-05,9.99403e-05,9.99378e-05,9.99353e-05,9.99327e-05,9.99301e-05,9.99275e-05,9.99248e-05,9.9922e-05,9.99192e-05,9.99163e-05,9.99134e-05,9.99105e-05,9.99074e-05,9.99044e-05,9.99012e-05,9.9898e-05,9.98948e-05,9.98915e-05,9.98881e-05,9.98847e-05,9.98812e-05,9.98776e-05,9.9874e-05,9.98703e-05,9.98665e-05,9.98627e-05,9.98587e-05,9.98548e-05,9.98507e-05,9.98466e-05,9.98424e-05,9.98381e-05,9.98337e-05,9.98293e-05,9.98247e-05,9.98201e-05,9.98154e-05,9.98106e-05,9.98058e-05,9.98008e-05,9.97957e-05,9.97906e-05,9.97853e-05,9.978e-05,9.97746e-05,9.9769e-05,9.97634e-05,9.97576e-05,9.97517e-05,9.97458e-05,9.97397e-05,9.97335e-05,9.97272e-05,9.97208e-05,9.97142e-05,9.97076e-05,9.97008e-05,9.96939e-05,9.96868e-05,9.96797e-05,9.96724e-05,9.96649e-05,9.96573e-05,9.96496e-05,9.96418e-05,9.96338e-05,9.96256e-05,9.96173e-05,9.96088e-05,9.96002e-05,9.95914e-05,9.95825e-05,9.95734e-05,9.95641e-05,9.95547e-05,9.95451e-05,9.95353e-05,9.95253e-05,9.95151e-05,9.95048e-05,9.94942e-05,9.94835e-05,9.94725e-05,9.94614e-05,9.94501e-05,9.94385e-05,9.94267e-05,9.94148e-05,9.94025e-05,9.93901e-05,9.93775e-05,9.93646e-05,9.93514e-05,9.9338e-05,9.93244e-05,9.93105e-05,9.92964e-05,9.9282e-05,9.92674e-05,9.92524e-05,9.92372e-05,9.92217e-05,9.9206e-05,9.91899e-05,9.91735e-05,9.91569e-05,9.91399e-05,9.91226e-05,9.9105e-05,9.90871e-05,9.90689e-05,9.90503e-05,9.90313e-05,9.90121e-05,9.89924e-05,9.89724e-05,9.89521e-05,9.89313e-05,9.89102e-05,9.88887e-05,9.88668e-05,9.88445e-05,9.88218e-05,9.87986e-05,9.87751e-05,9.87511e-05,9.87266e-05,9.87018e-05,9.86764e-05,9.86506e-05,9.86244e-05,9.85976e-05,9.85703e-05,9.85426e-05,9.85143e-05,9.84856e-05,9.84563e-05,9.84264e-05,9.83961e-05,9.83651e-05,9.83336e-05,9.83015e-05,9.82689e-05,9.82356e-05,9.82018e-05,9.81673e-05,9.81322e-05,9.80964e-05,9.806e-05,9.80229e-05,9.79852e-05,9.79468e-05,9.79076e-05,9.78678e-05,9.78272e-05,9.77859e-05,9.77438e-05,9.7701e-05,9.76574e-05,9.7613e-05,9.75678e-05,9.75218e-05,9.7475e-05,9.74273e-05,9.73787e-05,9.73293e-05,9.7279e-05,9.72277e-05,9.71756e-05,9.71225e-05,9.70684e-05,9.70133e-05,9.69573e-05,9.69003e-05,9.68422e-05,9.67831e-05,9.67229e-05,9.66617e-05,9.65993e-05,9.65358e-05,9.64712e-05,9.64055e-05,9.63385e-05,9.62704e-05,9.6201e-05,9.61304e-05,9.60586e-05,9.59854e-05,9.5911e-05,9.58352e-05,9.57581e-05,9.56796e-05,9.55997e-05,9.55184e-05,9.54357e-05,9.53515e-05,9.52658e-05,9.51786e-05,9.50898e-05,9.49995e-05,9.49076e-05,9.48141e-05,9.47189e-05,9.46221e-05,9.45236e-05,9.44233e-05,9.43213e-05,9.42175e-05,9.41119e-05,9.40044e-05,9.38951e-05,9.37839e-05,9.36707e-05,9.35556e-05,9.34385e-05,9.33193e-05,9.31981e-05,9.30748e-05,9.29494e-05,9.28218e-05,9.2692e-05,9.256e-05,9.24258e-05,9.22892e-05,9.21504e-05,9.20091e-05,9.18655e-05,9.17194e-05,9.15708e-05,9.14197e-05,9.12661e-05,9.11099e-05,9.0951e-05,9.07895e-05,9.06253e-05,9.04583e-05,9.02886e-05,9.0116e-05,8.99405e-05,8.97622e-05,8.95809e-05,8.93966e-05,8.92092e-05,8.90188e-05,8.88253e-05,8.86286e-05,8.84287e-05,8.82255e-05,8.80191e-05,8.78093e-05,8.75962e-05,8.73796e-05,8.71595e-05,8.6936e-05,8.67088e-05,8.64781e-05,8.62437e-05,8.60056e-05,8.57637e-05,8.55181e-05,8.52687e-05,8.50153e-05,8.4758e-05,8.44968e-05,8.42315e-05,8.39622e-05,8.36887e-05,8.34111e-05,8.31293e-05,8.28432e-05,8.25529e-05,8.22582e-05,8.19591e-05,8.16556e-05,8.13476e-05,8.10351e-05,8.07181e-05,8.03964e-05,8.00701e-05,7.97391e-05,7.94034e-05,7.90629e-05,7.87176e-05,7.83674e-05,7.80124e-05,7.76524e-05,7.72875e-05,7.69176e-05,7.65426e-05,7.61626e-05,7.57775e-05,7.53872e-05,7.49918e-05,7.45913e-05,7.41854e-05,7.37744e-05,7.33581e-05,7.29365e-05,7.25096e-05,7.20774e-05,7.16398e-05,7.11969e-05,7.07485e-05,7.02949e-05,6.98358e-05,6.93713e-05,6.89014e-05,6.84261e-05,6.79454e-05,6.74593e-05,6.69678e-05,6.64709e-05,6.59686e-05,6.54609e-05,6.4948e-05,6.44296e-05,6.3906e-05,6.33771e-05,6.2843e-05,6.23036e-05,6.17591e-05,6.12094e-05,6.06547e-05,6.00949e-05,5.95301e-05,5.89604e-05,5.83859e-05,5.78065e-05,5.72224e-05,5.66337e-05,5.60403e-05,5.54425e-05,5.48402e-05,5.42337e-05,5.36229e-05,5.3008e-05,5.23891e-05,5.17663e-05,5.11397e-05,5.05095e-05,4.98758e-05,4.92386e-05,4.85982e-05,4.79547e-05,4.73082e-05,4.66588e-05,4.60069e-05,4.53524e-05,4.46956e-05,4.40367e-05,4.33758e-05,4.27131e-05,4.20488e-05,4.13831e-05,4.07162e-05,4.00484e-05,3.93797e-05,3.87105e-05,3.80409e-05,3.73711e-05,3.67015e-05,3.60322e-05,3.53635e-05,3.46955e-05,3.40286e-05,3.3363e-05,3.26989e-05,3.20366e-05,3.13764e-05,3.07184e-05,3.0063e-05,2.94105e-05,2.8761e-05,2.81148e-05,2.74723e-05,2.68336e-05,2.61991e-05,2.5569e-05,2.49435e-05,2.4323e-05,2.37077e-05,2.30978e-05,2.24937e-05,2.18955e-05,2.13035e-05,2.07181e-05,2.01393e-05,1.95675e-05,1.90028e-05,1.84456e-05,1.78961e-05,1.73544e-05,1.68207e-05,1.62954e-05,1.57785e-05,1.52704e-05,1.4771e-05,1.42807e-05,1.37996e-05,1.33278e-05,1.28655e-05,1.24128e-05,1.19698e-05,1.15367e-05,1.11135e-05,1.07004e-05,1.02974e-05,9.90459e-06,9.52199e-06,9.14967e-06,8.78764e-06,8.43592e-06,8.09452e-06,7.76342e-06,7.44261e-06,7.13204e-06,6.83166e-06,6.54142e-06,6.26124e-06,5.99103e-06,5.7307e-06,5.48014e-06,5.23922e-06,5.00782e-06,4.7858e-06,4.57299e-06,4.36924e-06,4.17437e-06,3.98821e-06,3.81056e-06,3.64124e-06,3.48002e-06,3.32672e-06,3.1811e-06,3.04295e-06,2.91203e-06,2.78813e-06,2.67101e-06,2.56042e-06,2.45614e-06,2.35793e-06,2.26553e-06,2.17872e-06,2.09726e-06,2.0209e-06,1.9494e-06,1.88255e-06,1.8201e-06,1.76183e-06,1.70752e-06,1.65694e-06,1.60988e-06,1.56615e-06,1.52552e-06,1.48781e-06,1.45283e-06,1.42039e-06,1.39032e-06,1.36244e-06,1.3366e-06,1.31264e-06,1.29041e-06,1.26977e-06,1.25059e-06,1.23275e-06,1.21611e-06,1.20058e-06,1.18605e-06,1.17241e-06,1.15958e-06,1.14748e-06,1.13602e-06,1.12512e-06,1.11474e-06,1.10479e-06,1.09523e-06,1.086e-06,1.07706e-06,1.06837e-06,1.05988e-06,1.05155e-06,1.04337e-06,1.0353e-06,1.02731e-06,1.01939e-06,1.01151e-06,1.00366e-06,9.95819e-07,9.87976e-07,9.80119e-07,9.72239e-07,9.64326e-07,9.56374e-07,9.48375e-07,9.40326e-07,9.32221e-07,9.24057e-07,9.1583e-07,9.0754e-07,8.99183e-07,8.90759e-07,8.82266e-07,8.73705e-07,8.65074e-07,8.56374e-07,8.47605e-07,8.38767e-07,8.29862e-07,8.20889e-07,8.11851e-07,8.02747e-07,7.93579e-07,7.84349e-07,7.75058e-07,7.65708e-07,7.563e-07,7.46835e-07,7.37316e-07,7.27745e-07,7.18124e-07,7.08455e-07,6.98739e-07,6.88979e-07,6.79178e-07,6.69338e-07,6.59462e-07,6.49551e-07,6.39609e-07,6.29639e-07,6.19643e-07,6.09624e-07,5.99585e-07,5.89529e-07,5.79459e-07,5.69379e-07,5.59291e-07,5.49199e-07,5.39107e-07,5.29018e-07,5.18935e-07,5.08861e-07,4.98802e-07,4.88759e-07,4.78738e-07,4.68741e-07,4.58773e-07,4.48837e-07,4.38938e-07,4.29078e-07,4.19263e-07,4.09496e-07,3.99781e-07,3.90123e-07,3.80524e-07,3.70989e-07,3.61523e-07,3.52129e-07,3.42811e-07,3.33572e-07,3.24418e-07,3.15352e-07,3.06377e-07,2.97498e-07,2.88719e-07,2.80042e-07,2.71472e-07,2.63011e-07,2.54665e-07,2.46435e-07,2.38326e-07,2.3034e-07,2.2248e-07,2.1475e-07,2.07152e-07,1.99688e-07,1.92363e-07,1.85177e-07,1.78134e-07,1.71234e-07,1.64481e-07,1.57876e-07,1.51421e-07,1.45117e-07,1.38965e-07,1.32967e-07,1.27123e-07,1.21435e-07,1.15902e-07,1.10526e-07,1.05305e-07,1.00241e-07,9.53333e-08,9.0581e-08,8.59837e-08,8.15406e-08,7.72508e-08,7.31132e-08,6.91263e-08,6.52886e-08,6.15985e-08,5.8054e-08,5.46532e-08,5.13939e-08,4.82736e-08,4.529e-08,4.24403e-08,3.97219e-08,3.71319e-08,3.46672e-08,3.23247e-08,3.01013e-08,2.79937e-08,2.59985e-08,2.41123e-08,2.23317e-08,2.0653e-08,1.90727e-08,1.75873e-08,1.61932e-08,1.48866e-08,1.36641e-08,1.25219e-08,1.14566e-08,1.04647e-08,9.54246e-09,8.68661e-09,7.8937e-09,7.1604e-09,6.48345e-09,5.85965e-09,5.28592e-09,4.75922e-09,4.27665e-09,3.83536e-09,3.43265e-09,3.06588e-09,2.73255e-09,2.43025e-09,2.15669e-09,1.90966e-09,1.68711e-09,1.48706e-09,1.30766e-09,1.14715e-09,1.00389e-09,8.7635e-10,7.63078e-10,6.62738e-10,5.74084e-10,4.95962e-10,4.27305e-10,3.67134e-10,3.14546e-10,2.68716e-10,2.28892e-10,1.94389e-10,1.64586e-10,1.38921e-10,1.16889e-10,9.80351e-11,8.19539e-11,6.82824e-11,5.66987e-11,4.69176e-11,3.86872e-11,3.17863e-11,2.6021e-11,2.12222e-11,1.72429e-11,1.39557e-11,1.12508e-11,9.03387e-12,7.22422e-12,5.75308e-12,4.56216e-12,3.60218e-12,2.83172e-12,2.21611e-12,1.72643e-12,1.33872e-12,1.03318e-12,7.93539e-13,6.06494e-13,4.61225e-13,3.48968e-13,2.62667e-13,1.96665e-13,1.46457e-13,1.08471e-13,7.98891e-14,5.85046e-14,4.25966e-14,3.08315e-14,2.21821e-14,1.58617e-14,1.12716e-14,7.95902e-15,5.5837e-15,3.89151e-15,2.69401e-15,1.85229e-15,1.26469e-15,8.5739e-16,5.77062e-16,3.85563e-16,2.55653e-16,1.68238e-16,1.09844e-16,7.11601e-17,4.57225e-17,2.9144e-17,1.84041e-17,1.15297e-17,7.15752e-18
model-iicr-3
model-cdf-3
model-pdf-3
time-4,1,1.00231,1.02096,1.03996,1.05931,1.07903,1.09911,1.11956,1.1404,1.16162,1.18324,1.20526,1.22769,1.25054,1.27381,1.29752,1.32166,1.34626,1.37131,1.39684,1.42283,1.44931,1.47628,1.50376,1.53174,1.56025,1.58928,1.61886,1.64899,1.67967,1.71093,1.74277,1.77521,1.80824,1.8419,1.87617,1.91109,1.94666,1.98288,2.01979,2.05737,2.09566,2.13466,2.17439,2.21486,2.25607,2.29806,2.34083,2.38439,2.42876,2.47396,2.52,2.5669,2.61467,2.66333,2.7129,2.76339,2.81481,2.8672,2.92056,2.97491,3.03027,3.08666,3.14411,3.20262,3.26222,3.32293,3.38477,3.44776,3.51193,3.57729,3.64386,3.71167,3.78075,3.85111,3.92278,3.99578,4.07014,4.14589,4.22304,4.30164,4.38169,4.46323,4.5463,4.6309,4.71708,4.80487,4.89429,4.98537,5.07815,5.17266,5.26892,5.36698,5.46686,5.5686,5.67223,5.77779,5.88532,5.99484,6.10641,6.22005,6.3358,6.45372,6.57382,6.69616,6.82078,6.94771,7.07701,7.20872,7.34287,7.47952,7.61872,7.7605,7.90493,8.05204,8.20189,8.35453,8.51001,8.66838,8.8297,8.99402,9.1614,9.3319,9.50557,9.68247,9.86266,10.0462,10.2332,10.4236,10.6176,10.8152,11.0165,11.2215,11.4303,11.643,11.8597,12.0804,12.3052,12.5342,12.7675,13.0051,13.2471,13.4937,13.7448,14.0006,14.2611,14.5265,14.7969,15.0723,15.3528,15.6385,15.9295,16.226,16.5279,16.8355,17.1488,17.468,17.793,18.1242,18.4615,18.805,19.155,19.5115,19.8746,20.2445,20.6212,21.005,21.3959,21.7941,22.1997,22.6128,23.0336,23.4623,23.8989,24.3437,24.7967,25.2582,25.7283,26.2071,26.6948,27.1916,27.6976,28.2131,28.7381,29.2729,29.8177,30.3726,30.9379,31.5136,32.1001,32.6975,33.306,33.9258,34.5572,35.2003,35.8554,36.5227,37.2024,37.8947,38.5999,39.3183,40.05,40.7953,41.5546,42.3279,43.1156,43.918,44.7353,45.5679,46.4159,47.2797,48.1596,49.0558,49.9688,50.8987,51.8459,52.8108,53.7936,54.7947,55.8145,56.8532,57.9112,58.989,60.0868,61.205,62.344,63.5043,64.6861,65.8899,67.1161,68.3652,69.6374,70.9334,72.2535,73.5981,74.9678,76.363,77.7841,79.2317,80.7062,82.2082,83.7381,85.2964,86.8838,88.5007,90.1478,91.8254,93.5343,95.275,97.0481,98.8542,100.694,102.568,104.477,106.421,108.401,110.419,112.474,114.567,116.699,118.871,121.083,123.336,125.632,127.97,130.351,132.777,135.248,137.765,140.329,142.94,145.601,148.31,151.07,153.882,156.746,159.663,162.634,165.661,168.744,171.884,175.083,178.341,181.66,185.041,188.484,191.992,195.565,199.205,202.912,206.688,210.535,214.453,218.444,222.509,226.65,230.868,235.164,239.541,243.999,248.539,253.165,257.876,262.675,267.564,272.543,277.615,282.782,288.044,293.405,298.865,304.427,310.093,315.864,321.742,327.729,333.829,340.041,346.369,352.815,359.381,366.07,372.882,379.822,386.89,394.09,401.424,408.895,416.504,424.256,432.151,440.194,448.386,456.73,465.23,473.888,482.707,491.69,500.841,510.162,519.656,529.327,539.177,549.212,559.433,569.844,580.449,591.251,602.254,613.462,624.879,636.508,648.353,660.419,672.71,685.229,697.981,710.971,724.202,737.68,751.408,765.392,779.636,794.145,808.924,823.979,839.313,854.933,870.843,887.05,903.558,920.373,937.502,954.949,972.72,990.823,1009.26,1028.04,1047.18,1066.66,1086.52,1106.74,1127.33,1148.31,1169.68,1191.45,1213.62,1236.21,1259.22,1282.65,1306.52,1330.83,1355.6,1380.83,1406.53,1432.7,1459.37,1486.52,1514.19,1542.37,1571.07,1600.31,1630.09,1660.43,1691.33,1722.81,1754.87,1787.53,1820.79,1854.68,1889.19,1924.35,1960.16,1996.64,2033.8,2071.65,2110.2,2149.47,2189.48,2230.22,2271.73,2314.01,2357.07,2400.93,2445.62,2491.13,2537.49,2584.71,2632.82,2681.81,2731.72,2782.56,2834.34,2887.09,2940.82,2995.55,3051.3,3108.08,3165.92,3224.84,3284.86,3345.99,3408.26,3471.69,3536.3,3602.11,3669.14,3737.43,3806.98,3877.83,3950,4023.51,4098.38,4174.66,4252.35,4331.48,4412.09,4494.2,4577.84,4663.03,4749.81,4838.21,4928.25,5019.97,5113.39,5208.55,5305.48,5404.22,5504.79,5607.23,5711.59,5817.88,5926.15,6036.44,6148.78,6263.21,6379.77,6498.5,6619.43,6742.62,6868.1,6995.92,7126.12,7258.73,7393.82,7531.42,7671.58,7814.35,7959.78,8107.91,8258.8,8412.5,8569.06,8728.53,8890.97,9056.43,9224.97,9396.65,9571.52,9749.65,9931.09,10115.9,10304.2,10495.9,10691.3,10890.2,11092.9,11299.3,11509.6,11723.8,11942,12164.2,12390.6,12621.2,12856.1,13095.4,13339.1,13587.3,13840.2,14097.7,14360.1,14627.3,14899.6,15176.8,15459.3,15747,16040,16338.5,16642.6,16952.3,17267.8,17589.2,17916.5,18249.9,18589.6,18935.5,19287.9,19646.9,20012.5,20384.9,20764.3,21150.7,21544.3,21945.3,22353.7,22769.7,23193.5,23625.1,24064.8,24512.6,24968.8,25433.5,25906.8,26388.9,26880,27380.3,27889.8,28408.8,28937.5,29476.1,30024.6,30583.4,31152.5,31732.3,32322.8,32924.4,33537.1,34161.2,34797,35444.6,36104.2,36776.1,37460.5,38157.6,38867.8,39591.1,40327.9,41078.4,41842.9,42621.6,43414.8,44222.7,45045.7,45884,46738,47607.8,48493.7,49396.2,50315.5,51251.9,52205.7,53177.2,54166.9,55174.9,56201.7,57247.7,58313.1,59398.3,60503.7,61629.7,62776.6,63944.9,65134.9,66347.1,67581.8,68839.5,70120.6,71425.6,72754.8,74108.8,75488,76892.8,78323.8,79781.4,81266.2,82778.6,84319.1,85888.3,87486.7,89114.8,90773.3,92462.6,94183.3,95936.1,97721.5,99540.1,101393,103279,105202,107159,109154,111185,113254,115362,117509,119696,121923,124192,126503,128858,131256,133698,136187,138721,141303,143932,146611,149339,152119,154950,157833,160770,163762,166810,169914,173077,176298,179578,182920,186325,189792,193324,196922,200587,204320,208122,211995,215941,219959,224053,228222,232470,236796,241203,245692,250264,254921,259666,264498,269420,274434,279542,284744,290043,295441,300939,306540,312244,318055,323974,330003,336145,342401,348773,355263,361875,368610,375469,382457,389575,396825,404210,411732,419394,427199,435150,443248,451497,459899,468458,477176,486056,495102,504316,513701,523261,532999,542919,553022,563314,573798,584476,595353,606433,617719,629215,640924,652852,665002,677378,689984,702824,715904,729227,742798,756622,770703,785046,799655,814537,829696,845137,860865,876886,893205,909827,926759,944006,961575,979470,997698,1.01627e+06,1.03518e+06,1.05444e+06,1.07407e+06,1.09405e+06,1.11442e+06,1.13515e+06,1.15628e+06,1.1778e+06,1.19972e+06,1.22204e+06,1.24479e+06,1.26795e+06,1.29155e+06,1.31559e+06,1.34007e+06,1.36501e+06,1.39041e+06,1.41629e+06,1.44264e+06,1.46949e+06,1.49684e+06,1.5247e+06,1.55307e+06,1.58197e+06,1.61141e+06,1.6414e+06,1.67195e+06,1.70307e+06,1.73476e+06,1.76704e+06,1.79993e+06,1.83343e+06,1.86755e+06,1.9023e+06,1.9377e+06,1.97376e+06,2.0105e+06,2.04791e+06,2.08602e+06,2.12485e+06,2.16439e+06,2.20467e+06,2.2457e+06,2.28749e+06,2.33006e+06,2.37342e+06,2.41759e+06,2.46259e+06,2.50842e+06,2.5551e+06,2.60265e+06,2.65108e+06,2.70042e+06,2.75068e+06,2.80187e+06,2.85401e+06,2.90712e+06,2.96123e+06,3.01633e+06,3.07247e+06,3.12965e+06,3.18789e+06,3.24722e+06,3.30765e+06,3.36921e+06,3.43191e+06,3.49578e+06,3.56083e+06,3.6271e+06,3.6946e+06,3.76336e+06,3.8334e+06,3.90474e+06,3.9774e+06,4.05142e+06,4.12682e+06,4.20362e+06,4.28185e+06,4.36154e+06,4.44271e+06,4.52539e+06,4.6096e+06,4.69539e+06,4.78277e+06,4.87178e+06,4.96244e+06,5.0548e+06,5.14887e+06,5.24469e+06,5.34229e+06,5.44171e+06,5.54299e+06,5.64614e+06,5.75122e+06,5.85825e+06,5.96727e+06,6.07832e+06,6.19144e+06,6.30667e+06,6.42403e+06,6.54359e+06,6.66536e+06,6.78941e+06,6.91576e+06,7.04446e+06,7.17556e+06,7.3091e+06,7.44512e+06,7.58368e+06,7.72481e+06,7.86857e+06,8.01501e+06,8.16417e+06,8.3161e+06,8.47087e+06,8.62851e+06,8.78909e+06,8.95266e+06,9.11927e+06,9.28898e+06,9.46185e+06,9.63793e+06,9.8173e+06,1e+07
source-iicr-4,100.036,100.037,100.037,100.038,100.039,100.039,100.04,100.041,100.042,100.042,100.043,100.044,100.045,100.046,100.046,100.047,100.048,100.049,100.05,100.051,100.052,100.053,100.054,100.055,100.056,100.057,100.058,100.059,100.06,100.061,100.062,100.064,100.065,100.066,100.067,100.069,100.07,100.071,100.072,100.074,100.075,100.077,100.078,100.08,100.081,100.083,100.084,100.086,100.087,100.089,100.091,100.092,100.094,100.096,100.098,100.099,100.101,100.103,100.105,100.107,100.109,100.111,100.113,100.115,100.117,100.12,100.122,100.124,100.127,100.129,100.131,100.134,100.136,100.139,100.141,100.144,100.147,100.15,100.152,100.155,100.158,100.161,100.164,100.167,100.17,100.174,100.177,100.18,100.184,100.187,100.191,100.194,100.198,100.202,100.205,100.209,100.213,100.217,100.221,100.226,100.23,100.234,100.239,100.243,100.248,100.253,100.257,100.262,100.267,100.272,100.277,100.283,100.288,100.294,100.299,100.305,100.311,100.317,100.323,100.329,100.335,100.341,100.348,100.354,100.361,100.368,100.375,100.382,100.39,100.397,100.405,100.412,100.42,100.428,100.437,100.445,100.454,100.462,100.471,100.48,100.49,100.499,100.509,100.518,100.528,100.539,100.549,100.56,100.57,100.581,100.593,100.604,100.616,100.628,100.64,100.653,100.665,100.678,100.692,100.705,100.719,100.733,100.747,100.762,100.777,100.792,100.808,100.824,100.84,100.856,100.873,100.891,100.908,100.926,100.945,100.963,100.982,101.002,101.022,101.042,101.063,101.084,101.106,101.128,101.151,101.174,101.198,101.222,101.247,101.272,101.298,101.324,101.351,101.378,101.406,101.435,101.465,101.495,101.525,101.557,101.589,101.622,101.655,101.689,101.724,101.76,101.797,101.835,101.873,101.912,101.953,101.994,102.036,102.079,102.123,102.168,102.214,102.262,102.31,102.36,102.411,102.463,102.516,102.571,102.627,102.684,102.743,102.803,102.865,102.928,102.993,103.06,103.128,103.198,103.27,103.343,103.419,103.496,103.576,103.658,103.742,103.828,103.916,104.007,104.101,104.196,104.295,104.396,104.5,104.607,104.717,104.831,104.947,105.067,105.19,105.317,105.448,105.582,105.72,105.863,106.01,106.161,106.317,106.478,106.644,106.815,106.991,107.173,107.361,107.555,107.756,107.962,108.176,108.397,108.625,108.861,109.105,109.358,109.619,109.89,110.17,110.46,110.76,111.072,111.395,111.729,112.077,112.437,112.811,113.2,113.604,114.023,114.459,114.913,115.385,115.876,116.387,116.92,117.475,118.054,118.657,119.287,119.944,120.631,121.348,122.098,122.882,123.702,124.561,125.46,126.403,127.391,128.427,129.515,130.657,131.858,133.12,134.447,135.844,137.315,138.866,140.501,142.225,144.047,145.97,148.004,150.156,152.433,154.846,157.403,160.116,162.996,166.055,169.307,172.768,176.452,180.378,184.565,189.033,193.806,198.908,204.366,210.211,216.474,223.192,230.404,238.152,246.484,255.452,265.112,275.527,286.767,298.906,312.029,326.226,341.601,358.264,376.339,395.961,417.28,440.46,465.683,493.148,523.076,555.706,591.303,630.156,672.581,718.924,769.556,824.885,885.345,951.405,1023.56,1102.35,1188.31,1282.02,1384.06,1495.03,1615.51,1746.04,1887.16,2039.3,2202.83,2378,2564.89,2763.45,2973.39,3194.2,3425.16,3665.27,3913.3,4167.76,4427.01,4689.22,4952.46,5214.79,5474.27,5729.09,5977.58,6218.3,6450.05,6671.94,6883.33,7083.89,7273.54,7452.44,7620.95,7779.61,7929.06,8070.05,8203.38,8329.87,8450.36,8565.65,8676.54,8783.76,8888.01,8989.93,9090.1,9189.06,9287.28,9385.2,9483.19,9581.61,9680.74,9780.85,9882.19,9984.96,10089.3,10195.5,10303.5,10413.7,10525.9,10640.5,10757.4,10876.8,10998.7,11123.2,11250.4,11380.3,11513.1,11648.7,11787.3,11928.9,12073.5,12221.2,12372.1,12526.3,12683.7,12844.5,13008.6,13176.2,13347.3,13522,13700.3,13882.2,14067.8,14257.2,14450.4,14647.4,14848.4,15053.3,15262.2,15475.2,15692.3,15913.5,16138.9,16368.5,16602.4,16840.6,17083.1,17330.1,17581.5,17837.3,18097.7,18362.6,18632,18906.1,19184.9,19468.3,19756.5,20049.4,20347.1,20649.7,20957.1,21269.4,21586.7,21908.9,22236.2,22568.5,22905.8,23248.4,23596,23948.9,24307,24670.5,25039.2,25413.4,25793,26178,26568.6,26964.8,27366.6,27774.1,28187.3,28606.3,29031.2,29462,29898.7,30341.5,30790.4,31245.4,31706.6,32174.1,32647.9,33128.1,33614.8,34108,34607.8,35114.2,35627.4,36147.3,36674.1,37207.7,37748.4,38296,38850.8,39412.7,39981.8,40558.2,41142,41733.1,42331.8,42937.9,43551.7,44173.2,44802.4,45439.4,46084.3,46737.1,47398,48067.1,48744.3,49429.8,50123.7,50826,51536.9,52256.5,52984.8,53722,54468.2,55223.5,55988,56761.9,57545.2,58338.2,59140.9,59953.5,60776.2,61609.1,62452.4,63306.3,64170.9,65046.3,65932.9,66830.7,67739.9,68660.8,69593.5,70538.3,71495.2,72464.6,73446.6,74441.4,75449.3,76470.3,77504.7,78552.7,79614.4,80690.1,81779.9,82883.9,84002.4,85135.4,86283.1,87445.6,88623,89815.4,91022.8,92245.3,93483,94735.8,96003.6,97286.6,98584.5,99897.3,101225,102567,103924,105294,106679,108077,109488,110912,112349,113797,115257,116727,118208,119698,121197,122704,124218,125738,127264,128794,130328,131864,133401,134938,136474,138008,139539,141064,142584,144096,145599,147093,148575,150044,151499,152938,154361,155765,157151,158515,159858,161178,162473,163744,164988,166205,167395,168555,169686,170787,171857,172896,173903,174878,175821,176732,177610,178456,179269,180050,180799,181517,182203,182859,183484,184079,184645,185183,185693,186175,186632,187062,187468,187851,188210,188547,188862,189158,189434,189691,189931,190153,190360,190551,190729,190892,191043,191182,191310,191427,191534,191632,191722,191803,191877,191945,192006,192061,192111,192156,192196,192232,192265,192294,192320,192343,192364,192382,192398,192412,192425,192436,192446,192455,192462,192469,192474,192479,192484,192488,192491,192494,192496,192498,192500,192501,192503,192504,192505,192506,192506,192507,192507,192508,192508,192508,192509,192509,192509,192509,192509,192509,192509,192509,192510,192510,192510,192510,192510,192510,192510,192510,192510,192510,192510,192510,192510,192510,192510,192510,192510,192510,192510,192510,192510,192510,192510,192510,192510,192510,192510,192510,192510,192510,192510,192510,192510,192510,192510,192510,192510,192510,192510,192510,192510,192510,192510,192510,192510,192510,192510,192510,192510,192510,192510,192510,192510,192510,192510,192510,192510,192510,192510,192510,192510,192510,192510,192510,192510,192510,192510,192510,192510,192510,192510,192510,192510,192510,192510,192510,192510,192510,192510,192510,192510,192510,192510,192510,192510,192510,192510,192510,192510,192510,192510,192510,192510,192510,192510,192510,192510,192510,192510,192510,192510,192510,192510,192510,192510,192510,192510,192510,192510,192510,192510,192510,192510,192510,192510,192510,192510,192510,192510,192510,192510,192510,192510,192510,192510,192510,192510,192510,192510,192510,192510,192510,192510,192510,192510
source-cdf-4,0.00999641,2.30669e-05,0.000209508,0.000399381,0.000592749,0.000789677,0.000990227,0.00119447,0.00140246,0.00161429,0.00183,0.00204968,0.0022734,0.00250122,0.00273324,0.00296951,0.00321012,0.00345514,0.00370466,0.00395876,0.00421752,0.00448102,0.00474935,0.0050226,0.00530085,0.0055842,0.00587273,0.00616655,0.00646574,0.0067704,0.00708064,0.00739654,0.00771822,0.00804577,0.0083793,0.00871892,0.00906473,0.00941686,0.0097754,0.0101405,0.0105122,0.0108907,0.0112761,0.0116685,0.012068,0.0124748,0.012889,0.0133107,0.0137401,0.0141772,0.0146223,0.0150755,0.0155369,0.0160066,0.0164848,0.0169717,0.0174674,0.017972,0.0184858,0.0190088,0.0195413,0.0200833,0.0206352,0.021197,0.0217689,0.022351,0.0229437,0.023547,0.0241611,0.0247862,0.0254225,0.0260703,0.0267296,0.0274007,0.0280839,0.0287792,0.0294869,0.0302073,0.0309405,0.0316867,0.0324463,0.0332193,0.034006,0.0348067,0.0356217,0.036451,0.037295,0.0381539,0.039028,0.0399175,0.0408227,0.0417438,0.0426812,0.043635,0.0446055,0.045593,0.0465979,0.0476203,0.0486605,0.0497189,0.0507958,0.0518914,0.053006,0.05414,0.0552936,0.0564672,0.0576611,0.0588755,0.060111,0.0613676,0.0626459,0.0639461,0.0652686,0.0666137,0.0679818,0.0693731,0.0707882,0.0722273,0.0736908,0.0751791,0.0766925,0.0782314,0.0797963,0.0813874,0.0830052,0.0846501,0.0863224,0.0880226,0.0897511,0.0915082,0.0932944,0.0951101,0.0969557,0.0988317,0.100738,0.102676,0.104646,0.106647,0.108681,0.110748,0.112848,0.114982,0.117151,0.119354,0.121592,0.123865,0.126175,0.128521,0.130904,0.133325,0.135783,0.138279,0.140815,0.143389,0.146004,0.148658,0.151353,0.154089,0.156866,0.159686,0.162547,0.165452,0.1684,0.171392,0.174427,0.177508,0.180633,0.183804,0.187021,0.190284,0.193594,0.196951,0.200355,0.203807,0.207308,0.210857,0.214456,0.218103,0.221801,0.225549,0.229347,0.233195,0.237095,0.241046,0.245049,0.249103,0.25321,0.257369,0.261581,0.265845,0.270163,0.274533,0.278957,0.283434,0.287965,0.292549,0.297187,0.301879,0.306624,0.311423,0.316275,0.321182,0.326141,0.331155,0.336221,0.34134,0.346513,0.351737,0.357015,0.362344,0.367725,0.373157,0.37864,0.384173,0.389757,0.39539,0.401071,0.406801,0.412579,0.418403,0.424274,0.43019,0.43615,0.442154,0.448201,0.45429,0.46042,0.466589,0.472797,0.479042,0.485324,0.491641,0.497991,0.504374,0.510788,0.517231,0.523703,0.5302,0.536723,0.543269,0.549837,0.556424,0.563029,0.56965,0.576286,0.582934,0.589592,0.596259,0.602932,0.609609,0.616288,0.622966,0.629642,0.636314,0.642978,0.649634,0.656277,0.662906,0.669519,0.676113,0.682685,0.689234,0.695756,0.702249,0.708711,0.715138,0.72153,0.727882,0.734193,0.74046,0.74668,0.752851,0.758971,0.765037,0.771046,0.776997,0.782887,0.788713,0.794474,0.800167,0.80579,0.81134,0.816817,0.822217,0.827539,0.832781,0.837942,0.843019,0.84801,0.852916,0.857733,0.862461,0.867098,0.871643,0.876096,0.880455,0.884719,0.888887,0.89296,0.896936,0.900816,0.904598,0.908282,0.91187,0.91536,0.918752,0.922048,0.925247,0.92835,0.931357,0.93427,0.937089,0.939815,0.942448,0.944991,0.947444,0.949809,0.952086,0.954278,0.956386,0.958411,0.960356,0.962221,0.964009,0.965721,0.96736,0.968927,0.970424,0.971854,0.973217,0.974516,0.975754,0.976932,0.978052,0.979116,0.980126,0.981085,0.981994,0.982855,0.98367,0.984441,0.985169,0.985858,0.986508,0.987121,0.987699,0.988243,0.988756,0.989239,0.989692,0.990119,0.990519,0.990895,0.991248,0.991579,0.991889,0.992179,0.992451,0.992706,0.992944,0.993166,0.993374,0.993568,0.993749,0.993918,0.994076,0.994223,0.99436,0.994488,0.994607,0.994717,0.99482,0.994916,0.995005,0.995088,0.995165,0.995237,0.995304,0.995366,0.995424,0.995478,0.995528,0.995574,0.995618,0.995659,0.995697,0.995733,0.995766,0.995798,0.995827,0.995855,0.995882,0.995907,0.995931,0.995954,0.995976,0.995997,0.996017,0.996037,0.996056,0.996074,0.996093,0.99611,0.996128,0.996145,0.996162,0.996178,0.996195,0.996211,0.996228,0.996244,0.99626,0.996276,0.996292,0.996308,0.996325,0.996341,0.996357,0.996373,0.99639,0.996406,0.996422,0.996439,0.996455,0.996472,0.996489,0.996505,0.996522,0.996539,0.996556,0.996573,0.99659,0.996607,0.996624,0.996641,0.996658,0.996675,0.996692,0.996709,0.996727,0.996744,0.996761,0.996779,0.996796,0.996814,0.996831,0.996848,0.996866,0.996883,0.996901,0.996918,0.996936,0.996953,0.996971,0.996988,0.997006,0.997023,0.997041,0.997058,0.997075,0.997093,0.99711,0.997128,0.997145,0.997162,0.997179,0.997197,0.997214,0.997231,0.997248,0.997265,0.997282,0.9973,0.997317,0.997333,0.99735,0.997367,0.997384,0.997401,0.997418,0.997434,0.997451,0.997468,0.997484,0.997501,0.997517,0.997534,0.99755,0.997566,0.997583,0.997599,0.997615,0.997631,0.997647,0.997663,0.997679,0.997695,0.997711,0.997727,0.997743,0.997758,0.997774,0.99779,0.997805,0.997821,0.997836,0.997851,0.997867,0.997882,0.997897,0.997913,0.997928,0.997943,0.997958,0.997973,0.997988,0.998002,0.998017,0.998032,0.998047,0.998061,0.998076,0.99809,0.998105,0.998119,0.998134,0.998148,0.998162,0.998177,0.998191,0.998205,0.998219,0.998233,0.998247,0.998261,0.998275,0.998289,0.998302,0.998316,0.99833,0.998343,0.998357,0.99837,0.998384,0.998397,0.99841,0.998424,0.998437,0.99845,0.998463,0.998476,0.998489,0.998502,0.998515,0.998528,0.998541,0.998554,0.998567,0.998579,0.998592,0.998604,0.998617,0.998629,0.998642,0.998654,0.998666,0.998679,0.998691,0.998703,0.998715,0.998727,0.998739,0.998751,0.998763,0.998775,0.998787,0.998798,0.99881,0.998822,0.998833,0.998845,0.998856,0.998867,0.998879,0.99889,0.998901,0.998912,0.998923,0.998934,0.998945,0.998956,0.998967,0.998978,0.998989,0.998999,0.99901,0.999021,0.999031,0.999042,0.999052,0.999062,0.999073,0.999083,0.999093,0.999103,0.999113,0.999123,0.999133,0.999143,0.999153,0.999163,0.999172,0.999182,0.999192,0.999201,0.999211,0.99922,0.999229,0.999239,0.999248,0.999257,0.999266,0.999276,0.999285,0.999294,0.999303,0.999312,0.999321,0.999329,0.999338,0.999347,0.999356,0.999365,0.999373,0.999382,0.99939,0.999399,0.999407,0.999416,0.999424,0.999433,0.999441,0.999449,0.999458,0.999466,0.999474,0.999482,0.999491,0.999499,0.999507,0.999515,0.999523,0.999531,0.999539,0.999547,0.999555,0.999563,0.999571,0.999579,0.999586,0.999594,0.999602,0.99961,0.999617,0.999625,0.999633,0.99964,0.999648,0.999655,0.999663,0.99967,0.999677,0.999685,0.999692,0.999699,0.999706,0.999714,0.999721,0.999728,0.999735,0.999742,0.999748,0.999755,0.999762,0.999768,0.999775,0.999781,0.999788,0.999794,0.999801,0.999807,0.999813,0.999819,0.999825,0.999831,0.999836,0.999842,0.999847,0.999853,0.999858,0.999863,0.999869,0.999874,0.999879,0.999883,0.999888,0.999893,0.999897,0.999902,0.999906,0.99991,0.999914,0.999918,0.999922,0.999926,0.999929,0.999933,0.999936,0.999939,0.999943,0.999946,0.999949,0.999951,0.999954,0.999957,0.999959,0.999962,0.999964,0.999966,0.999968,0.99997,0.999972,0.999974,0.999976,0.999977,0.999979,0.99998,0.999982,0.999983,0.999984,0.999986,0.999987,0.999988,0.999989,0.99999,0.99999,0.999991,0.999992,0.999993,0.999993,0.999994,0.999995,0.999995,0.999996,0.999996,0.999996,0.999997,0.999997,0.999997,0.999998,0.999998,0.999998,0.999998,0.999999,0.999999,0.999999,0.999999,0.999999,0.999999,0.999999,0.999999,0.999999,1,1,1,1,1,1,1,1,1,1,1,1,1,1,1,1,1,1,1,1,1,1,1,1,1,1,1,1,1,1,1,1,1,1,1,1,1,1,1,1,1,1,1,1,1,1,1,1,1,1,1,1,1,1,1,1,1,1,1,1,1,1,1,1,1,1,1,1,1,1,1,1,1,1,1,1,1,1,1,1,1,1,1,1,1,1,1,1,1,1,1,1,1,1,1,1,1,1,1,1,1,1,1,1
source-pdf-4,0.00989649,0.00999612,0.00999418,0.00999222,0.00999021,0.00998817,0.00998609,0.00998398,0.00998182,0.00997963,0.00997739,0.00997512,0.0099728,0.00997044,0.00996803,0.00996559,0.00996309,0.00996056,0.00995797,0.00995534,0.00995266,0.00994993,0.00994715,0.00994431,0.00994143,0.0099385,0.00993551,0.00993246,0.00992936,0.00992621,0.00992299,0.00991972,0.00991639,0.00991299,0.00990954,0.00990602,0.00990244,0.00989879,0.00989507,0.00989129,0.00988744,0.00988352,0.00987953,0.00987546,0.00987132,0.00986711,0.00986282,0.00985845,0.009854,0.00984947,0.00984486,0.00984017,0.00983539,0.00983052,0.00982557,0.00982053,0.00981539,0.00981016,0.00980484,0.00979942,0.00979391,0.00978829,0.00978258,0.00977676,0.00977084,0.00976481,0.00975867,0.00975242,0.00974606,0.00973958,0.00973299,0.00972628,0.00971946,0.00971251,0.00970543,0.00969823,0.0096909,0.00968344,0.00967585,0.00966812,0.00966025,0.00965225,0.0096441,0.00963581,0.00962737,0.00961878,0.00961004,0.00960115,0.0095921,0.00958289,0.00957352,0.00956398,0.00955428,0.0095444,0.00953435,0.00952413,0.00951373,0.00950314,0.00949237,0.00948141,0.00947027,0.00945893,0.00944739,0.00943565,0.00942371,0.00941156,0.0093992,0.00938663,0.00937385,0.00936084,0.00934761,0.00933415,0.00932047,0.00930655,0.00929239,0.00927799,0.00926335,0.00924846,0.00923331,0.00921791,0.00920225,0.00918633,0.00917014,0.00915368,0.00913694,0.00911993,0.00910263,0.00908504,0.00906716,0.00904898,0.00903051,0.00901173,0.00899264,0.00897324,0.00895352,0.00893348,0.00891311,0.00889242,0.00887139,0.00885002,0.0088283,0.00880624,0.00878382,0.00876105,0.00873792,0.00871441,0.00869054,0.00866629,0.00864166,0.00861665,0.00859125,0.00856545,0.00853925,0.00851265,0.00848564,0.00845822,0.00843038,0.00840212,0.00837343,0.00834431,0.00831475,0.00828476,0.00825432,0.00822343,0.00819208,0.00816028,0.00812802,0.00809529,0.00806208,0.00802841,0.00799425,0.00795961,0.00792448,0.00788886,0.00785275,0.00781613,0.00777902,0.0077414,0.00770327,0.00766462,0.00762546,0.00758578,0.00754558,0.00750486,0.0074636,0.00742182,0.00737951,0.00733666,0.00729327,0.00724934,0.00720488,0.00715987,0.00711432,0.00706823,0.00702159,0.00697441,0.00692668,0.00687841,0.00682959,0.00678023,0.00673032,0.00667987,0.00662887,0.00657734,0.00652527,0.00647266,0.00641951,0.00636584,0.00631164,0.00625691,0.00620167,0.0061459,0.00608963,0.00603285,0.00597557,0.0059178,0.00585954,0.00580079,0.00574157,0.00568189,0.00562174,0.00556115,0.00550011,0.00543865,0.00537676,0.00531446,0.00525176,0.00518867,0.0051252,0.00506137,0.00499719,0.00493267,0.00486783,0.00480268,0.00473723,0.0046715,0.00460552,0.00453928,0.00447282,0.00440614,0.00433927,0.00427223,0.00420502,0.00413769,0.00407024,0.00400269,0.00393507,0.00386739,0.00379968,0.00373197,0.00366426,0.0035966,0.00352899,0.00346147,0.00339406,0.00332678,0.00325966,0.00319272,0.00312599,0.00305949,0.00299326,0.00292731,0.00286166,0.00279636,0.00273142,0.00266687,0.00260274,0.00253904,0.00247582,0.00241309,0.00235088,0.00228921,0.00222812,0.00216762,0.00210774,0.0020485,0.00198994,0.00193207,0.00187491,0.00181849,0.00176283,0.00170795,0.00165387,0.00160061,0.0015482,0.00149664,0.00144596,0.00139617,0.00134729,0.00129933,0.00125231,0.00120624,0.00116113,0.00111699,0.00107384,0.00103167,0.000990498,0.000950331,0.000911172,0.000873024,0.000835891,0.000799772,0.000764669,0.00073058,0.000697503,0.000665434,0.000634368,0.0006043,0.000575222,0.000547127,0.000520004,0.000493843,0.000468634,0.000444362,0.000421016,0.00039858,0.000377038,0.000356376,0.000336575,0.000317619,0.000299488,0.000282164,0.000265627,0.000249856,0.000234832,0.000220533,0.000206938,0.000194024,0.000181771,0.000170156,0.000159157,0.000148752,0.000138919,0.000129635,0.000120879,0.000112629,0.000104863,9.75605e-05,9.07002e-05,8.42615e-05,7.82243e-05,7.2569e-05,6.72763e-05,6.23276e-05,5.77047e-05,5.33899e-05,4.93662e-05,4.56173e-05,4.21272e-05,3.88807e-05,3.58633e-05,3.3061e-05,3.04603e-05,2.80487e-05,2.58139e-05,2.37444e-05,2.18294e-05,2.00585e-05,1.84219e-05,1.69104e-05,1.55154e-05,1.42287e-05,1.30426e-05,1.19499e-05,1.09439e-05,1.00184e-05,9.16736e-06,8.38537e-06,7.66729e-06,7.00835e-06,6.40412e-06,5.85045e-06,5.3435e-06,4.8797e-06,4.45573e-06,4.0685e-06,3.71516e-06,3.39302e-06,3.09964e-06,2.83271e-06,2.59011e-06,2.36987e-06,2.17014e-06,1.98923e-06,1.82557e-06,1.67768e-06,1.54422e-06,1.42392e-06,1.31561e-06,1.21824e-06,1.13078e-06,1.05233e-06,9.82036e-07,9.19111e-07,8.62835e-07,8.12544e-07,7.6763e-07,7.27536e-07,6.9175e-07,6.59808e-07,6.31287e-07,6.058e-07,5.83e-07,5.62572e-07,5.4423e-07,5.27721e-07,5.12814e-07,4.99306e-07,4.87015e-07,4.75778e-07,4.65453e-07,4.55914e-07,4.47049e-07,4.38763e-07,4.30971e-07,4.23599e-07,4.16585e-07,4.09873e-07,4.03417e-07,3.97177e-07,3.91119e-07,3.85216e-07,3.79442e-07,3.73779e-07,3.6821e-07,3.62722e-07,3.57302e-07,3.51944e-07,3.46639e-07,3.41382e-07,3.3617e-07,3.30998e-07,3.25865e-07,3.20769e-07,3.15708e-07,3.10684e-07,3.05695e-07,3.00741e-07,2.95824e-07,2.90943e-07,2.86099e-07,2.81294e-07,2.76528e-07,2.71802e-07,2.67117e-07,2.62473e-07,2.57873e-07,2.53317e-07,2.48806e-07,2.4434e-07,2.39922e-07,2.35551e-07,2.31228e-07,2.26955e-07,2.22732e-07,2.18559e-07,2.14438e-07,2.10369e-07,2.06352e-07,2.02388e-07,1.98478e-07,1.94622e-07,1.9082e-07,1.87072e-07,1.8338e-07,1.79742e-07,1.7616e-07,1.72632e-07,1.69161e-07,1.65744e-07,1.62383e-07,1.59078e-07,1.55827e-07,1.52632e-07,1.49491e-07,1.46405e-07,1.43374e-07,1.40396e-07,1.37472e-07,1.34601e-07,1.31783e-07,1.29017e-07,1.26303e-07,1.2364e-07,1.21028e-07,1.18467e-07,1.15955e-07,1.13492e-07,1.11077e-07,1.08711e-07,1.06391e-07,1.04118e-07,1.0189e-07,9.97077e-08,9.75695e-08,9.54749e-08,9.34232e-08,9.14137e-08,8.94456e-08,8.75183e-08,8.56309e-08,8.37828e-08,8.19732e-08,8.02015e-08,7.84669e-08,7.67687e-08,7.51062e-08,7.34788e-08,7.18856e-08,7.03262e-08,6.87997e-08,6.73056e-08,6.58431e-08,6.44117e-08,6.30107e-08,6.16395e-08,6.02974e-08,5.8984e-08,5.76986e-08,5.64406e-08,5.52095e-08,5.40047e-08,5.28257e-08,5.16719e-08,5.05428e-08,4.9438e-08,4.83568e-08,4.72989e-08,4.62636e-08,4.52506e-08,4.42594e-08,4.32895e-08,4.23405e-08,4.14119e-08,4.05033e-08,3.96143e-08,3.87445e-08,3.78933e-08,3.70606e-08,3.62457e-08,3.54485e-08,3.46684e-08,3.39051e-08,3.31582e-08,3.24274e-08,3.17124e-08,3.10127e-08,3.0328e-08,2.96581e-08,2.90025e-08,2.8361e-08,2.77332e-08,2.71188e-08,2.65176e-08,2.59292e-08,2.53533e-08,2.47897e-08,2.42381e-08,2.36982e-08,2.31698e-08,2.26526e-08,2.21463e-08,2.16507e-08,2.11656e-08,2.06907e-08,2.02259e-08,1.97708e-08,1.93253e-08,1.88892e-08,1.84623e-08,1.80443e-08,1.76352e-08,1.72346e-08,1.68424e-08,1.64585e-08,1.60827e-08,1.57148e-08,1.53546e-08,1.50021e-08,1.4657e-08,1.43192e-08,1.39885e-08,1.36649e-08,1.33482e-08,1.30382e-08,1.27349e-08,1.24381e-08,1.21476e-08,1.18635e-08,1.15855e-08,1.13136e-08,1.10476e-08,1.07875e-08,1.05331e-08,1.02843e-08,1.00411e-08,9.80335e-09,9.57093e-09,9.34376e-09,9.12177e-09,8.90485e-09,8.69292e-09,8.4859e-09,8.28369e-09,8.08621e-09,7.89338e-09,7.70512e-09,7.52134e-09,7.34196e-09,7.16691e-09,6.9961e-09,6.82945e-09,6.66689e-09,6.50833e-09,6.3537e-09,6.20292e-09,6.05592e-09,5.91261e-09,5.77292e-09,5.63678e-09,5.5041e-09,5.37482e-09,5.24885e-09,5.12612e-09,5.00656e-09,4.89009e-09,4.77664e-09,4.66614e-09,4.5585e-09,4.45366e-09,4.35154e-09,4.25207e-09,4.15517e-09,4.06079e-09,3.96884e-09,3.87925e-09,3.79196e-09,3.70689e-09,3.62398e-09,3.54315e-09,3.46435e-09,3.38751e-09,3.31255e-09,3.23942e-09,3.16805e-09,3.09838e-09,3.03035e-09,2.9639e-09,2.89898e-09,2.83551e-09,2.77346e-09,2.71276e-09,2.65336e-09,2.59521e-09,2.53826e-09,2.48247e-09,2.42778e-09,2.37415e-09,2.32154e-09,2.2699e-09,2.21921e-09,2.16941e-09,2.12047e-09,2.07236e-09,2.02505e-09,1.9785e-09,1.93269e-09,1.88759e-09,1.84317e-09,1.79941e-09,1.75629e-09,1.71379e-09,1.67188e-09,1.63056e-09,1.58981e-09,1.54961e-09,1.50995e-09,1.47082e-09,1.43221e-09,1.39411e-09,1.35653e-09,1.31944e-09,1.28285e-09,1.24676e-09,1.21116e-09,1.17605e-09,1.14143e-09,1.10731e-09,1.07367e-09,1.04054e-09,1.0079e-09,9.75771e-10,9.44146e-10,9.13031e-10,8.82433e-10,8.52355e-10,8.22804e-10,7.93785e-10,7.65302e-10,7.37362e-10,7.09969e-10,6.83129e-10,6.56848e-10,6.31129e-10,6.05977e-10,5.81398e-10,5.57393e-10,5.33968e-10,5.11124e-10,4.88866e-10,4.67193e-10,4.46108e-10,4.25612e-10,4.05706e-10,3.86387e-10,3.67657e-10,3.49513e-10,3.31953e-10,3.14973e-10,2.98572e-10,2.82743e-10,2.67483e-10,2.52786e-10,2.38646e-10,2.25056e-10,2.12009e-10,1.99496e-10,1.8751e-10,1.76041e-10,1.65079e-10,1.54615e-10,1.44638e-10,1.35137e-10,1.26101e-10,1.17517e-10,1.09374e-10,1.0166e-10,9.43607e-11,8.74645e-11,8.09579e-11,7.48275e-11,6.90601e-11,6.36422e-11,5.85602e-11,5.38007e-11,4.935e-11,4.51949e-11,4.13219e-11,3.77179e-11,3.43698e-11,3.12648e-11,2.83902e-11,2.57336e-11,2.32831e-11,2.10267e-11,1.8953e-11,1.70508e-11,1.53094e-11,1.37183e-11,1.22674e-11,1.09473e-11,9.74848e-12,8.66225e-12,7.68016e-12,6.79417e-12,5.9967e-12,5.28055e-12,4.63893e-12,4.06546e-12,3.55414e-12,3.09937e-12,2.69591e-12,2.3389e-12,2.0238e-12,1.74645e-12,1.50297e-12,1.28984e-12,1.10378e-12,9.41821e-13,8.01261e-13,6.7963e-13,5.74699e-13,4.84455e-13,4.07085e-13,3.40966e-13,2.84646e-13,2.36831e-13,1.96375e-13,1.62263e-13,1.33602e-13,1.09606e-13,8.95888e-14,7.29532e-14,5.918e-14,4.78206e-14,3.84886e-14,3.08528e-14,2.46303e-14,1.95805e-14,1.54997e-14,1.22162e-14,9.58567e-15,7.48772e-15,5.82211e-15,4.50586e-15,3.47059e-15,2.66024e-15,2.02902e-15,1.5398e-15,1.16255e-15,8.7315e-16,6.52307e-16,4.84683e-16,3.58148e-16,2.63162e-16,1.92262e-16,1.39645e-16,1.00826e-16,7.23583e-17,5.16086e-17,3.65784e-17,2.576e-17,1.80232e-17,1.25266e-17,8.64751e-18,5.92864e-18,4.03616e-18,2.72819e-18,1.83069e-18,1.21936e-18,8.0605e-19,5.28747e-19,3.44133e-19,2.22194e-19,1.423e-19,9.03803e-20,5.69213e-20,3.55418e-20,2.19987e-20,1.34951e-20,8.20366e-21,4.94101e-21,2.94799e-21,1.74205e-21,1.0194e-21,5.90608e-22,3.3872e-22,1.9226e-22,1.07984e-22,6.00025e-23,3.29784e-23,1.79247e-23,9.63265e-24,5.11706e-24,2.68648e-24,1.3936e-24,7.14148e-25,3.61439e-25,1.80625e-25,8.91073e-26,4.33849e-26,2.08424e-26,9.8771e-27,4.61612e-27,2.12704e-27,9.6608e-28,4.32386e-28,1.90648e-28,8.27893e-29,3.53976e-29,1.48973e-29,6.16944e-30,2.51339e-30,1.00697e-30,3.96622e-31,1.53536e-31
inferred-iicr-4,9999.22,9999.22,9999.22,9999.23,9999.23,9999.23,9999.24,9999.24,9999.24,9999.25,9999.25,9999.25,9999.26,9999.26,9999.27,9999.27,9999.28,9999.28,9999.28,9999.29,9999.29,9999.3,9999.3,9999.31,9999.31,9999.32,9999.32,9999.33,9999.33,9999.34,9999.35,9999.35,9999.36,9999.36,9999.37,9999.38,9999.38,9999.39,9999.39,9999.4,9999.41,9999.41,9999.42,9999.43,9999.44,9999.44,9999.45,9999.46,9999.47,9999.47,9999.48,9999.49,9999.5,9999.51,9999.52,9999.53,9999.53,9999.54,9999.55,9999.56,9999.57,9999.58,9999.59,9999.6,9999.61,9999.62,9999.64,9999.65,9999.66,9999.67,9999.68,9999.69,9999.71,9999.72,9999.73,9999.74,9999.76,9999.77,9999.78,9999.8,9999.81,9999.83,9999.84,9999.86,9999.87,9999.89,9999.9,9999.92,9999.93,9999.95,9999.97,9999.99,10000,10000,10000,10000.1,10000.1,10000.1,10000.1,10000.1,10000.2,10000.2,10000.2,10000.2,10000.2,10000.3,10000.3,10000.3,10000.3,10000.4,10000.4,10000.4,10000.4,10000.5,10000.5,10000.5,10000.5,10000.6,10000.6,10000.6,10000.7,10000.7,10000.7,10000.7,10000.8,10000.8,10000.8,10000.9,10000.9,10000.9,10001,10001,10001.1,10001.1,10001.1,10001.2,10001.2,10001.3,10001.3,10001.3,10001.4,10001.4,10001.5,10001.5,10001.6,10001.6,10001.6,10001.7,10001.7,10001.8,10001.8,10001.9,10002,10002,10002.1,10002.1,10002.2,10002.2,10002.3,10002.4,10002.4,10002.5,10002.5,10002.6,10002.7,10002.7,10002.8,10002.9,10003,10003,10003.1,10003.2,10003.3,10003.3,10003.4,10003.5,10003.6,10003.7,10003.8,10003.8,10003.9,10004,10004.1,10004.2,10004.3,10004.4,10004.5,10004.6,10004.7,10004.8,10004.9,10005,10005.1,10005.3,10005.4,10005.5,10005.6,10005.7,10005.9,10006,10006.1,10006.2,10006.4,10006.5,10006.7,10006.8,10006.9,10007.1,10007.2,10007.4,10007.5,10007.7,10007.9,10008,10008.2,10008.4,10008.5,10008.7,10008.9,10009.1,10009.3,10009.5,10009.7,10009.9,10010.1,10010.3,10010.5,10010.7,10010.9,10011.1,10011.3,10011.6,10011.8,10012.1,10012.3,10012.5,10012.8,10013,10013.3,10013.6,10013.8,10014.1,10014.4,10014.7,10015,10015.3,10015.6,10015.9,10016.2,10016.5,10016.9,10017.2,10017.5,10017.9,10018.2,10018.6,10018.9,10019.3,10019.7,10020.1,10020.5,10020.9,10021.3,10021.7,10022.1,10022.6,10023,10023.4,10023.9,10024.4,10024.8,10025.3,10025.8,10026.3,10026.8,10027.3,10027.9,10028.4,10029,10029.5,10030.1,10030.7,10031.3,10031.9,10032.5,10033.1,10033.7,10034.4,10035.1,10035.7,10036.4,10037.1,10037.8,10038.6,10039.3,10040.1,10040.8,10041.6,10042.4,10043.2,10044.1,10044.9,10045.8,10046.6,10047.5,10048.4,10049.4,10050.3,10051.3,10052.3,10053.3,10054.3,10055.3,10056.4,10057.4,10058.5,10059.7,10060.8,10062,10063.2,10064.4,10065.6,10066.8,10068.1,10069.4,10070.7,10072.1,10073.5,10074.9,10076.3,10077.8,10079.3,10080.8,10082.3,10083.9,10085.5,10087.1,10088.8,10090.5,10092.2,10094,10095.8,10097.6,10099.5,10101.4,10103.3,10105.3,10107.3,10109.4,10111.5,10113.6,10115.8,10118,10120.3,10122.6,10124.9,10127.3,10129.7,10132.2,10134.8,10137.4,10140,10142.7,10145.4,10148.2,10151.1,10154,10156.9,10160,10163,10166.2,10169.4,10172.7,10176,10179.4,10182.9,10186.4,10190,10193.7,10197.4,10201.2,10205.1,10209.1,10213.2,10217.3,10221.5,10225.8,10230.2,10234.7,10239.3,10243.9,10248.7,10253.5,10258.5,10263.5,10268.7,10273.9,10279.3,10284.8,10290.4,10296.1,10301.9,10307.8,10313.9,10320.1,10326.4,10332.8,10339.4,10346.1,10352.9,10359.9,10367.1,10374.4,10381.8,10389.4,10397.2,10405.1,10413.2,10421.4,10429.9,10438.5,10447.3,10456.3,10465.5,10474.8,10484.4,10494.2,10504.2,10514.4,10524.9,10535.5,10546.4,10557.6,10569,10580.6,10592.5,10604.7,10617.1,10629.8,10642.8,10656.1,10669.7,10683.6,10697.8,10712.3,10727.2,10742.4,10757.9,10773.9,10790.1,10806.8,10823.9,10841.3,10859.2,10877.5,10896.2,10915.3,10935,10955.1,10975.6,10996.7,11018.3,11040.4,11063.1,11086.3,11110.1,11134.5,11159.5,11185.1,11211.3,11238.3,11265.9,11294.2,11323.2,11353,11383.6,11415,11447.2,11480.2,11514.1,11548.9,11584.7,11621.4,11659.1,11697.8,11737.6,11778.5,11820.6,11863.8,11908.2,11953.9,12000.8,12049.2,12098.9,12150,12202.7,12256.8,12312.6,12370.1,12429.2,12490.2,12553,12617.7,12684.4,12753.2,12824.1,12897.3,12972.7,13050.6,13131,13214,13299.7,13388.2,13479.6,13574.1,13671.8,13772.8,13877.2,13985.2,14097,14212.7,14332.5,14456.6,14585.1,14718.2,14856.2,14999.3,15147.7,15301.6,15461.3,15627.2,15799.3,15978.2,16164,16357.2,16558,16766.8,16984.1,17210.3,17445.7,17690.9,17946.4,18212.6,18490.2,18779.6,19081.6,19396.8,19725.9,20069.6,20428.6,20803.9,21196.3,21606.6,22036,22485.3,22955.7,23448.5,23964.7,24505.6,25072.8,25667.6,26291.5,26946.2,27633.3,28354.8,29112.5,29908.3,30744.4,31623.1,32546.6,33517.4,34538,35611,36739.3,37925.7,39173.2,40484.7,41863.6,43312.9,44835.9,46436,48116.5,49880.6,51731.6,53672.8,55707,57837.2,60066,62395.8,64828.4,67365.4,70007.8,72756,75609.7,78567.8,81628.4,84788.6,88044.6,91391.2,94822.5,98331.2,101909,105546,109231,112953,116699,120456,124209,127943,131645,135298,138889,142402,145826,149146,152353,155436,158385,161196,163861,166377,168742,170956,173018,174932,176700,178326,179817,181177,182414,183534,184544,185452,186265,186991,187636,188207,188711,189155,189543,189883,190179,190435,190657,190848,191012,191152,191272,191374,191460,191532,191593,191644,191687,191722,191752,191776,191796,191812,191825,191836,191845,191851,191857,191862,191865,191868,191870,191872,191873,191874,191875,191875,191876,191876,191877,191877,191877,191877,191877,191877,191877,191877,191877,191877,191877,191877,191877,191877,191877,191877,191877,191877,191877,191877,191877,191877,191877,191877,191877,191877,191877,191877,191877,191877,191877,191877,191877,191877,191877,191877,191877,191877,191877,191877,191877,191877,191877,191877,191877,191877,191877,191877,191877,191877,191877,191877,191877,191877,191877,191877,191877,191877,191877,191877,191877,191877,191877,191877,191877,191877,191877,191877,191877,191877,191877,191877,191877,191877,191877,191877,191877,191877,191877,191877,191877,191877,191877,191877,191877,191877,191877,191877,191877,191877,191877,191877,191877,191877,191877,191877,191877,191877,191877,191877,191877,191877,191877,191877,191877,191877,191877,191877,191877,191877,191877,191877,191877,191877,191877,191877,191877,191877,191877,191877,191877,191877,191877,191877,191877,191877,191877,191877,191877,191877,191877,191877,191877,191877,191877,191877,191877,191877,191877,191877,191877,191877,191877,191877,191877,191877,191877,191877,191877,191877,191877,191877,191877,191877,191877,191877,191877,191877,191877,191877,191877,191877,191877,191877,191877,191877,191877,191877,191877,191877,191877,191877,191877,191877,191877,191877,191877,191877,191877,191877,191877,191877,191877,191877,191877,191877,191877,191877,191876,191876,191875,191872,191874,191868,191871,191862,191851,191856,191802,191802,191560
inferred-cdf-4,5.00031e-05,5.01185e-05,5.10512e-05,5.20012e-05,5.29689e-05,5.39546e-05,5.49587e-05,5.59815e-05,5.70233e-05,5.80844e-05,5.91653e-05,6.02664e-05,6.13879e-05,6.25303e-05,6.36939e-05,6.48792e-05,6.60866e-05,6.73164e-05,6.85691e-05,6.98452e-05,7.11449e-05,7.24689e-05,7.38175e-05,7.51912e-05,7.65904e-05,7.80157e-05,7.94675e-05,8.09463e-05,8.24527e-05,8.3987e-05,8.55499e-05,8.7142e-05,8.87636e-05,9.04154e-05,9.20979e-05,9.38118e-05,9.55575e-05,9.73357e-05,9.91471e-05,0.000100992,0.000102871,0.000104786,0.000106736,0.000108722,0.000110745,0.000112806,0.000114905,0.000117043,0.000119221,0.00012144,0.0001237,0.000126002,0.000128346,0.000130735,0.000133167,0.000135645,0.00013817,0.000140741,0.00014336,0.000146027,0.000148745,0.000151513,0.000154332,0.000157204,0.000160129,0.000163109,0.000166144,0.000169235,0.000172385,0.000175592,0.00017886,0.000182188,0.000185578,0.000189031,0.000192549,0.000196132,0.000199781,0.000203499,0.000207285,0.000211142,0.000215071,0.000219073,0.000223149,0.000227302,0.000231531,0.000235839,0.000240227,0.000244697,0.00024925,0.000253888,0.000258612,0.000263424,0.000268326,0.000273318,0.000278404,0.000283584,0.000288861,0.000294235,0.00029971,0.000305286,0.000310967,0.000316753,0.000322646,0.000328649,0.000334764,0.000340993,0.000347337,0.000353799,0.000360382,0.000367087,0.000373917,0.000380874,0.00038796,0.000395178,0.000402531,0.00041002,0.000417648,0.000425418,0.000433333,0.000441395,0.000449607,0.000457972,0.000466492,0.00047517,0.000484011,0.000493015,0.000502187,0.00051153,0.000521046,0.000530739,0.000540613,0.00055067,0.000560914,0.000571349,0.000581977,0.000592804,0.000603831,0.000615064,0.000626505,0.00063816,0.000650031,0.000662123,0.000674439,0.000686985,0.000699763,0.00071278,0.000726038,0.000739543,0.000753299,0.000767311,0.000781583,0.000796121,0.000810928,0.000826011,0.000841375,0.000857024,0.000872964,0.0008892,0.000905738,0.000922583,0.000939742,0.000957219,0.000975021,0.000993154,0.00101162,0.00103044,0.0010496,0.00106912,0.001089,0.00110925,0.00112988,0.00115089,0.00117229,0.00119409,0.00121629,0.00123891,0.00126195,0.00128541,0.00130931,0.00133366,0.00135845,0.00138371,0.00140944,0.00143564,0.00146233,0.00148952,0.00151721,0.00154542,0.00157415,0.00160341,0.00163322,0.00166358,0.0016945,0.001726,0.00175808,0.00179076,0.00182404,0.00185795,0.00189248,0.00192765,0.00196348,0.00199997,0.00203714,0.002075,0.00211356,0.00215283,0.00219284,0.00223358,0.00227509,0.00231736,0.00236042,0.00240427,0.00244894,0.00249444,0.00254078,0.00258798,0.00263606,0.00268503,0.0027349,0.0027857,0.00283745,0.00289015,0.00294383,0.0029985,0.00305419,0.0031109,0.00316867,0.00322751,0.00328744,0.00334848,0.00341066,0.00347398,0.00353847,0.00360416,0.00367107,0.00373922,0.00380862,0.00387932,0.00395132,0.00402465,0.00409934,0.00417541,0.00425289,0.00433181,0.00441218,0.00449404,0.00457741,0.00466233,0.00474882,0.0048369,0.00492661,0.00501799,0.00511105,0.00520583,0.00530236,0.00540067,0.0055008,0.00560278,0.00570665,0.00581243,0.00592016,0.00602988,0.00614163,0.00625544,0.00637135,0.0064894,0.00660962,0.00673206,0.00685676,0.00698376,0.0071131,0.00724482,0.00737897,0.00751559,0.00765473,0.00779643,0.00794073,0.0080877,0.00823736,0.00838978,0.00854501,0.00870309,0.00886408,0.00902802,0.00919498,0.00936501,0.00953816,0.00971449,0.00989405,0.0100769,0.0102631,0.0104528,0.0106459,0.0108425,0.0110428,0.0112467,0.0114544,0.0116659,0.0118812,0.0121005,0.0123238,0.0125512,0.0127827,0.0130185,0.0132586,0.013503,0.013752,0.0140054,0.0142635,0.0145263,0.0147939,0.0150664,0.0153439,0.0156264,0.015914,0.0162069,0.0165051,0.0168087,0.0171179,0.0174326,0.0177531,0.0180794,0.0184116,0.0187499,0.0190942,0.0194448,0.0198018,0.0201652,0.0205352,0.0209119,0.0212954,0.0216858,0.0220832,0.0224879,0.0228998,0.0233191,0.023746,0.0241806,0.024623,0.0250734,0.0255318,0.0259984,0.0264735,0.026957,0.0274492,0.0279502,0.0284602,0.0289793,0.0295076,0.0300454,0.0305928,0.0311499,0.0317169,0.032294,0.0328814,0.0334792,0.0340876,0.0347068,0.0353369,0.0359782,0.0366308,0.037295,0.0379708,0.0386586,0.0393584,0.0400706,0.0407952,0.0415326,0.0422829,0.0430463,0.0438231,0.0446134,0.0454175,0.0462357,0.047068,0.0479148,0.0487763,0.0496527,0.0505443,0.0514513,0.0523739,0.0533124,0.0542671,0.0552381,0.0562258,0.0572304,0.0582522,0.0592915,0.0603484,0.0614233,0.0625164,0.0636281,0.0647586,0.0659081,0.067077,0.0682656,0.0694742,0.070703,0.0719523,0.0732225,0.0745138,0.0758265,0.077161,0.0785176,0.0798966,0.0812982,0.0827229,0.0841709,0.0856425,0.0871381,0.0886581,0.0902026,0.0917721,0.0933669,0.0949874,0.0966338,0.0983065,0.100006,0.101732,0.103486,0.105267,0.107076,0.108914,0.11078,0.112676,0.1146,0.116555,0.118539,0.120554,0.1226,0.124677,0.126785,0.128925,0.131097,0.133302,0.135539,0.13781,0.140114,0.142451,0.144823,0.14723,0.149671,0.152147,0.154658,0.157205,0.159788,0.162408,0.165064,0.167756,0.170486,0.173253,0.176058,0.178901,0.181782,0.184701,0.187659,0.190656,0.193691,0.196766,0.199881,0.203034,0.206228,0.209461,0.212735,0.216048,0.219402,0.222796,0.226231,0.229706,0.233221,0.236777,0.240374,0.244011,0.247688,0.251406,0.255164,0.258962,0.262801,0.266679,0.270597,0.274555,0.278552,0.282588,0.286663,0.290777,0.294929,0.299119,0.303346,0.307611,0.311912,0.316249,0.320622,0.325031,0.329473,0.33395,0.33846,0.343003,0.347578,0.352184,0.35682,0.361486,0.366181,0.370904,0.375654,0.38043,0.385231,0.390056,0.394904,0.399774,0.404664,0.409575,0.414503,0.419449,0.42441,0.429386,0.434374,0.439375,0.444386,0.449405,0.454432,0.459465,0.464502,0.469542,0.474583,0.479623,0.48466,0.489694,0.494722,0.499743,0.504755,0.509755,0.514743,0.519716,0.524672,0.529611,0.534529,0.539425,0.544298,0.549145,0.553964,0.558754,0.563513,0.568239,0.572931,0.577585,0.582201,0.586777,0.591312,0.595802,0.600248,0.604646,0.608997,0.613297,0.617546,0.621742,0.625883,0.629969,0.633998,0.637969,0.641881,0.645732,0.649522,0.653249,0.656913,0.660513,0.664049,0.667519,0.670923,0.674261,0.677532,0.680736,0.683873,0.686943,0.689946,0.692881,0.695749,0.698551,0.701286,0.703956,0.70656,0.7091,0.711575,0.713988,0.716338,0.718628,0.720857,0.723027,0.725139,0.727195,0.729196,0.731143,0.733038,0.734883,0.736678,0.738427,0.740129,0.741788,0.743404,0.74498,0.746518,0.748019,0.749485,0.750918,0.75232,0.753693,0.755038,0.756358,0.757654,0.758928,0.760182,0.761418,0.762637,0.763842,0.765033,0.766212,0.767382,0.768543,0.769698,0.770847,0.771992,0.773134,0.774274,0.775415,0.776556,0.7777,0.778846,0.779997,0.781153,0.782315,0.783484,0.784661,0.785846,0.78704,0.788244,0.789459,0.790684,0.791921,0.79317,0.794431,0.795705,0.796992,0.798292,0.799607,0.800935,0.802277,0.803634,0.805006,0.806392,0.807793,0.809209,0.81064,0.812087,0.813548,0.815024,0.816516,0.818023,0.819545,0.821082,0.822634,0.824201,0.825782,0.827379,0.82899,0.830615,0.832255,0.833909,0.835577,0.837259,0.838954,0.840663,0.842385,0.84412,0.845867,0.847627,0.849399,0.851183,0.852978,0.854784,0.856602,0.858429,0.860267,0.862114,0.863971,0.865836,0.86771,0.869592,0.871481,0.873378,0.875281,0.87719,0.879104,0.881023,0.882947,0.884875,0.886806,0.888739,0.890675,0.892611,0.894549,0.896487,0.898424,0.90036,0.902294,0.904226,0.906154,0.908078,0.909998,0.911912,0.913819,0.91572,0.917613,0.919498,0.921373,0.923239,0.925093,0.926936,0.928767,0.930585,0.932388,0.934178,0.935951,0.937709,0.93945,0.941173,0.942878,0.944564,0.94623,0.947875,0.9495,0.951102,0.952682,0.954239,0.955773,0.957282,0.958766,0.960225,0.961658,0.963065,0.964444,0.965797,0.967122,0.968418,0.969686,0.970926,0.972136,0.973318,0.974469,0.975591,0.976683,0.977746,0.978778,0.97978,0.980753,0.981695,0.982608,0.98349,0.984344,0.985167,0.985962,0.986727,0.987464,0.988173,0.988853,0.989506,0.990132,0.990731,0.991304,0.991851,0.992373,0.99287,0.993344,0.993793,0.99422,0.994625,0.995008,0.99537,0.995712,0.996034,0.996338,0.996623,0.996891,0.997142,0.997376,0.997596,0.9978,0.997991,0.998168,0.998332,0.998484,0.998625,0.998755,0.998875,0.998985,0.999086,0.999179,0.999264,0.999341,0.999411,0.999475,0.999533,0.999586,0.999633,0.999676,0.999714,0.999749,0.99978,0.999807,0.999832,0.999853,0.999873,0.99989,0.999905,0.999918,0.99993,0.99994,0.999948,0.999956,0.999963,0.999968,0.999973,0.999978,0.999981,0.999984,0.999987,0.999989,0.999991,0.999993,0.999994,0.999995,0.999996,0.999997,0.999997,0.999998,0.999998,0.999999,0.999999,0.999999,0.999999,0.999999,1,1,1,1,1,1,1,1,1,1,1,1,1,1,1,1,1,1,1,1,1,1,1,1,1,1,1,1,1,1,1,1,1,1,1,1,1
inferred-pdf-4,0.000100003,0.000100003,0.000100003,0.000100003,0.000100002,0.000100002,0.000100002,0.000100002,0.000100002,0.000100002,0.000100002,0.000100001,0.000100001,0.000100001,0.000100001,0.000100001,0.000100001,0.0001,0.0001,0.0001,9.99999e-05,9.99998e-05,9.99996e-05,9.99994e-05,9.99992e-05,9.9999e-05,9.99988e-05,9.99986e-05,9.99984e-05,9.99982e-05,9.9998e-05,9.99978e-05,9.99976e-05,9.99973e-05,9.99971e-05,9.99969e-05,9.99966e-05,9.99964e-05,9.99961e-05,9.99959e-05,9.99956e-05,9.99954e-05,9.99951e-05,9.99948e-05,9.99946e-05,9.99943e-05,9.9994e-05,9.99937e-05,9.99934e-05,9.99931e-05,9.99928e-05,9.99925e-05,9.99922e-05,9.99918e-05,9.99915e-05,9.99912e-05,9.99908e-05,9.99905e-05,9.99901e-05,9.99898e-05,9.99894e-05,9.9989e-05,9.99886e-05,9.99882e-05,9.99878e-05,9.99874e-05,9.9987e-05,9.99866e-05,9.99862e-05,9.99857e-05,9.99853e-05,9.99849e-05,9.99844e-05,9.99839e-05,9.99834e-05,9.9983e-05,9.99825e-05,9.9982e-05,9.99814e-05,9.99809e-05,9.99804e-05,9.99798e-05,9.99793e-05,9.99787e-05,9.99781e-05,9.99776e-05,9.9977e-05,9.99764e-05,9.99757e-05,9.99751e-05,9.99745e-05,9.99738e-05,9.99731e-05,9.99725e-05,9.99718e-05,9.99711e-05,9.99703e-05,9.99696e-05,9.99689e-05,9.99681e-05,9.99673e-05,9.99666e-05,9.99658e-05,9.99649e-05,9.99641e-05,9.99633e-05,9.99624e-05,9.99615e-05,9.99606e-05,9.99597e-05,9.99588e-05,9.99578e-05,9.99569e-05,9.99559e-05,9.99549e-05,9.99539e-05,9.99528e-05,9.99518e-05,9.99507e-05,9.99496e-05,9.99485e-05,9.99474e-05,9.99462e-05,9.9945e-05,9.99438e-05,9.99426e-05,9.99413e-05,9.99401e-05,9.99388e-05,9.99375e-05,9.99361e-05,9.99348e-05,9.99334e-05,9.99319e-05,9.99305e-05,9.9929e-05,9.99275e-05,9.9926e-05,9.99244e-05,9.99229e-05,9.99212e-05,9.99196e-05,9.99179e-05,9.99162e-05,9.99145e-05,9.99127e-05,9.99109e-05,9.99091e-05,9.99072e-05,9.99053e-05,9.99034e-05,9.99014e-05,9.98994e-05,9.98973e-05,9.98952e-05,9.98931e-05,9.98909e-05,9.98887e-05,9.98865e-05,9.98842e-05,9.98819e-05,9.98795e-05,9.98771e-05,9.98746e-05,9.98721e-05,9.98695e-05,9.98669e-05,9.98643e-05,9.98616e-05,9.98588e-05,9.9856e-05,9.98532e-05,9.98503e-05,9.98473e-05,9.98443e-05,9.98412e-05,9.98381e-05,9.98349e-05,9.98316e-05,9.98283e-05,9.98249e-05,9.98215e-05,9.9818e-05,9.98145e-05,9.98108e-05,9.98071e-05,9.98034e-05,9.97995e-05,9.97956e-05,9.97916e-05,9.97876e-05,9.97835e-05,9.97793e-05,9.9775e-05,9.97706e-05,9.97662e-05,9.97616e-05,9.9757e-05,9.97523e-05,9.97476e-05,9.97427e-05,9.97377e-05,9.97327e-05,9.97275e-05,9.97223e-05,9.9717e-05,9.97115e-05,9.9706e-05,9.97003e-05,9.96946e-05,9.96887e-05,9.96828e-05,9.96767e-05,9.96705e-05,9.96642e-05,9.96578e-05,9.96513e-05,9.96446e-05,9.96378e-05,9.96309e-05,9.96239e-05,9.96167e-05,9.96094e-05,9.9602e-05,9.95944e-05,9.95867e-05,9.95789e-05,9.95709e-05,9.95627e-05,9.95544e-05,9.9546e-05,9.95374e-05,9.95286e-05,9.95197e-05,9.95106e-05,9.95013e-05,9.94919e-05,9.94823e-05,9.94725e-05,9.94625e-05,9.94523e-05,9.9442e-05,9.94315e-05,9.94207e-05,9.94098e-05,9.93987e-05,9.93874e-05,9.93758e-05,9.93641e-05,9.93521e-05,9.93399e-05,9.93275e-05,9.93148e-05,9.93019e-05,9.92888e-05,9.92755e-05,9.92618e-05,9.9248e-05,9.92339e-05,9.92195e-05,9.92048e-05,9.91899e-05,9.91747e-05,9.91593e-05,9.91435e-05,9.91275e-05,9.91111e-05,9.90945e-05,9.90775e-05,9.90603e-05,9.90427e-05,9.90248e-05,9.90065e-05,9.8988e-05,9.89691e-05,9.89498e-05,9.89302e-05,9.89102e-05,9.88899e-05,9.88691e-05,9.88481e-05,9.88266e-05,9.88047e-05,9.87824e-05,9.87597e-05,9.87366e-05,9.87131e-05,9.86891e-05,9.86647e-05,9.86398e-05,9.86145e-05,9.85887e-05,9.85625e-05,9.85358e-05,9.85085e-05,9.84808e-05,9.84526e-05,9.84239e-05,9.83946e-05,9.83648e-05,9.83344e-05,9.83035e-05,9.82721e-05,9.824e-05,9.82074e-05,9.81742e-05,9.81403e-05,9.81059e-05,9.80708e-05,9.80351e-05,9.79987e-05,9.79617e-05,9.7924e-05,9.78856e-05,9.78465e-05,9.78067e-05,9.77662e-05,9.77249e-05,9.76829e-05,9.76401e-05,9.75966e-05,9.75522e-05,9.75071e-05,9.74611e-05,9.74143e-05,9.73667e-05,9.73182e-05,9.72688e-05,9.72185e-05,9.71673e-05,9.71152e-05,9.70621e-05,9.70081e-05,9.69531e-05,9.68972e-05,9.68402e-05,9.67822e-05,9.67231e-05,9.6663e-05,9.66018e-05,9.65395e-05,9.64761e-05,9.64116e-05,9.63459e-05,9.6279e-05,9.62109e-05,9.61416e-05,9.60711e-05,9.59993e-05,9.59263e-05,9.58519e-05,9.57762e-05,9.56992e-05,9.56208e-05,9.5541e-05,9.54597e-05,9.53771e-05,9.5293e-05,9.52074e-05,9.51202e-05,9.50316e-05,9.49414e-05,9.48496e-05,9.47561e-05,9.46611e-05,9.45643e-05,9.44659e-05,9.43657e-05,9.42638e-05,9.41601e-05,9.40546e-05,9.39473e-05,9.3838e-05,9.37269e-05,9.36139e-05,9.34989e-05,9.33819e-05,9.32628e-05,9.31418e-05,9.30186e-05,9.28933e-05,9.27658e-05,9.26362e-05,9.25043e-05,9.23702e-05,9.22338e-05,9.20951e-05,9.1954e-05,9.18104e-05,9.16645e-05,9.15161e-05,9.13652e-05,9.12117e-05,9.10556e-05,9.08969e-05,9.07356e-05,9.05715e-05,9.04047e-05,9.02351e-05,9.00627e-05,8.98874e-05,8.97092e-05,8.95281e-05,8.9344e-05,8.91568e-05,8.89666e-05,8.87733e-05,8.85768e-05,8.83771e-05,8.81741e-05,8.79679e-05,8.77583e-05,8.75454e-05,8.7329e-05,8.71092e-05,8.68858e-05,8.66589e-05,8.64284e-05,8.61942e-05,8.59563e-05,8.57147e-05,8.54694e-05,8.52201e-05,8.4967e-05,8.471e-05,8.4449e-05,8.4184e-05,8.39149e-05,8.36417e-05,8.33644e-05,8.30828e-05,8.27971e-05,8.2507e-05,8.22126e-05,8.19138e-05,8.16106e-05,8.13029e-05,8.09907e-05,8.06739e-05,8.03526e-05,8.00266e-05,7.96959e-05,7.93605e-05,7.90203e-05,7.86753e-05,7.83255e-05,7.79708e-05,7.76111e-05,7.72466e-05,7.6877e-05,7.65024e-05,7.61227e-05,7.5738e-05,7.53481e-05,7.4953e-05,7.45528e-05,7.41474e-05,7.37367e-05,7.33208e-05,7.28996e-05,7.24731e-05,7.20412e-05,7.1604e-05,7.11615e-05,7.07136e-05,7.02603e-05,6.98016e-05,6.93376e-05,6.88681e-05,6.83932e-05,6.79129e-05,6.74272e-05,6.69362e-05,6.64397e-05,6.59379e-05,6.54307e-05,6.49181e-05,6.44003e-05,6.38771e-05,6.33486e-05,6.2815e-05,6.22761e-05,6.1732e-05,6.11828e-05,6.06285e-05,6.00692e-05,5.95049e-05,5.89357e-05,5.83616e-05,5.77827e-05,5.71991e-05,5.66108e-05,5.60179e-05,5.54206e-05,5.48188e-05,5.42127e-05,5.36025e-05,5.2988e-05,5.23696e-05,5.17473e-05,5.11212e-05,5.04915e-05,4.98582e-05,4.92215e-05,4.85816e-05,4.79385e-05,4.72925e-05,4.66437e-05,4.59922e-05,4.53382e-05,4.46819e-05,4.40234e-05,4.3363e-05,4.27008e-05,4.2037e-05,4.13717e-05,4.07053e-05,4.00379e-05,3.93697e-05,3.87009e-05,3.80317e-05,3.73624e-05,3.66932e-05,3.60243e-05,3.5356e-05,3.46885e-05,3.4022e-05,3.33568e-05,3.26931e-05,3.20312e-05,3.13713e-05,3.07138e-05,3.00587e-05,2.94065e-05,2.87574e-05,2.81116e-05,2.74694e-05,2.68311e-05,2.61969e-05,2.55671e-05,2.49419e-05,2.43217e-05,2.37067e-05,2.30971e-05,2.24932e-05,2.18953e-05,2.13036e-05,2.07184e-05,2.01398e-05,1.95682e-05,1.90038e-05,1.84468e-05,1.78974e-05,1.73559e-05,1.68225e-05,1.62973e-05,1.57806e-05,1.52726e-05,1.47734e-05,1.42832e-05,1.38022e-05,1.33305e-05,1.28683e-05,1.24157e-05,1.19728e-05,1.15398e-05,1.11167e-05,1.07036e-05,1.03007e-05,9.90788e-06,9.52532e-06,9.15302e-06,8.79101e-06,8.4393e-06,8.09791e-06,7.76681e-06,7.44599e-06,7.13541e-06,6.83501e-06,6.54475e-06,6.26454e-06,5.9943e-06,5.73393e-06,5.48333e-06,5.24237e-06,5.01092e-06,4.78884e-06,4.57598e-06,4.37217e-06,4.17724e-06,3.99102e-06,3.81331e-06,3.64392e-06,3.48264e-06,3.32927e-06,3.18358e-06,3.04536e-06,2.91439e-06,2.79042e-06,2.67323e-06,2.56258e-06,2.45823e-06,2.35995e-06,2.26749e-06,2.18062e-06,2.09909e-06,2.02267e-06,1.95112e-06,1.88421e-06,1.82171e-06,1.76338e-06,1.70902e-06,1.65839e-06,1.61129e-06,1.5675e-06,1.52683e-06,1.48908e-06,1.45406e-06,1.42158e-06,1.39148e-06,1.36357e-06,1.33769e-06,1.3137e-06,1.29145e-06,1.27078e-06,1.25158e-06,1.23371e-06,1.21705e-06,1.2015e-06,1.18695e-06,1.17329e-06,1.16045e-06,1.14833e-06,1.13685e-06,1.12595e-06,1.11555e-06,1.10559e-06,1.09602e-06,1.08678e-06,1.07783e-06,1.06912e-06,1.06062e-06,1.05229e-06,1.0441e-06,1.03602e-06,1.02803e-06,1.0201e-06,1.01221e-06,1.00435e-06,9.96506e-07,9.88656e-07,9.80793e-07,9.72907e-07,9.64988e-07,9.57029e-07,9.49025e-07,9.4097e-07,9.32859e-07,9.24689e-07,9.16457e-07,9.08161e-07,8.99798e-07,8.91368e-07,8.82869e-07,8.74302e-07,8.65665e-07,8.56959e-07,8.48184e-07,8.3934e-07,8.30429e-07,8.2145e-07,8.12405e-07,8.03295e-07,7.94122e-07,7.84885e-07,7.75588e-07,7.66231e-07,7.56816e-07,7.47345e-07,7.3782e-07,7.28243e-07,7.18615e-07,7.08938e-07,6.99216e-07,6.8945e-07,6.79642e-07,6.69796e-07,6.59912e-07,6.49995e-07,6.40046e-07,6.30069e-07,6.20066e-07,6.1004e-07,5.99994e-07,5.89931e-07,5.79855e-07,5.69768e-07,5.59673e-07,5.49575e-07,5.39475e-07,5.29379e-07,5.19289e-07,5.09209e-07,4.99143e-07,4.89093e-07,4.79065e-07,4.69061e-07,4.59086e-07,4.49144e-07,4.39238e-07,4.29371e-07,4.1955e-07,4.09776e-07,4.00054e-07,3.90389e-07,3.80784e-07,3.71243e-07,3.6177e-07,3.52369e-07,3.43045e-07,3.338e-07,3.2464e-07,3.15567e-07,3.06587e-07,2.97702e-07,2.88916e-07,2.80233e-07,2.71657e-07,2.63191e-07,2.54839e-07,2.46603e-07,2.38488e-07,2.30497e-07,2.22632e-07,2.14896e-07,2.07293e-07,1.99825e-07,1.92494e-07,1.85304e-07,1.78255e-07,1.71351e-07,1.64594e-07,1.57984e-07,1.51524e-07,1.45216e-07,1.3906e-07,1.33058e-07,1.2721e-07,1.21518e-07,1.15981e-07,1.10601e-07,1.05377e-07,1.0031e-07,9.53985e-08,9.06429e-08,8.60424e-08,8.15963e-08,7.73036e-08,7.31631e-08,6.91735e-08,6.53332e-08,6.16406e-08,5.80937e-08,5.46906e-08,5.1429e-08,4.83066e-08,4.53209e-08,4.24693e-08,3.97491e-08,3.71572e-08,3.46908e-08,3.23468e-08,3.01219e-08,2.80128e-08,2.60163e-08,2.41288e-08,2.23469e-08,2.06671e-08,1.90858e-08,1.75994e-08,1.62042e-08,1.48968e-08,1.36734e-08,1.25305e-08,1.14645e-08,1.04718e-08,9.54898e-09,8.69254e-09,7.89909e-09,7.16529e-09,6.48788e-09,5.86366e-09,5.28953e-09,4.76247e-09,4.27957e-09,3.83798e-09,3.43499e-09,3.06798e-09,2.73442e-09,2.43191e-09,2.15816e-09,1.91097e-09,1.68826e-09,1.48808e-09,1.30855e-09,1.14793e-09,1.00458e-09,8.76949e-10,7.636e-10,6.63191e-10,5.74476e-10,4.963e-10,4.27597e-10,3.67385e-10,3.14761e-10,2.689e-10,2.29049e-10,1.94522e-10,1.64698e-10,1.39016e-10,1.16969e-10,9.81021e-11,8.20099e-11,6.83291e-11,5.67375e-11,4.69496e-11,3.87136e-11,3.1808e-11,2.60388e-11,2.12367e-11,1.72547e-11,1.39652e-11,1.12585e-11,9.04005e-12,7.22915e-12,5.75701e-12,4.56527e-12,3.60464e-12,2.83366e-12,2.21762e-12,1.72761e-12,1.33964e-12,1.03389e-12,7.94081e-13,6.06909e-13,4.6154e-13,3.49207e-13,2.62846e-13,1.968e-13,1.46557e-13,1.08545e-13,7.99437e-14,5.85446e-14,4.26257e-14,3.08526e-14,2.21973e-14,1.58725e-14,1.12793e-14,7.96446e-15,5.58752e-15,3.89418e-15,2.69585e-15,1.85353e-15,1.26556e-15,8.57987e-16,5.7749e-16,3.85824e-16,2.5585e-16,1.68379e-16,1.09941e-16,7.12295e-17,4.5782e-17,2.91649e-17,1.84301e-17,1.15615e-17,7.18228e-18
model-iicr-4
model-cdf-4
model-pdf-4
time-5,1,1.00231,1.02096,1.03996,1.05931,1.07903,1.09911,1.11956,1.1404,1.16162,1.18324,1.20526,1.22769,1.25054,1.27381,1.29752,1.32166,1.34626,1.37131,1.39684,1.42283,1.44931,1.47628,1.50376,1.53174,1.56025,1.58928,1.61886,1.64899,1.67967,1.71093,1.74277,1.77521,1.80824,1.8419,1.87617,1.91109,1.94666,1.98288,2.01979,2.05737,2.09566,2.13466,2.17439,2.21486,2.25607,2.29806,2.34083,2.38439,2.42876,2.47396,2.52,2.5669,2.61467,2.66333,2.7129,2.76339,2.81481,2.8672,2.92056,2.97491,3.03027,3.08666,3.14411,3.20262,3.26222,3.32293,3.38477,3.44776,3.51193,3.57729,3.64386,3.71167,3.78075,3.85111,3.92278,3.99578,4.07014,4.14589,4.22304,4.30164,4.38169,4.46323,4.5463,4.6309,4.71708,4.80487,4.89429,4.98537,5.07815,5.17266,5.26892,5.36698,5.46686,5.5686,5.67223,5.77779,5.88532,5.99484,6.10641,6.22005,6.3358,6.45372,6.57382,6.69616,6.82078,6.94771,7.07701,7.20872,7.34287,7.47952,7.61872,7.7605,7.90493,8.05204,8.20189,8.35453,8.51001,8.66838,8.8297,8.99402,9.1614,9.3319,9.50557,9.68247,9.86266,10.0462,10.2332,10.4236,10.6176,10.8152,11.0165,11.2215,11.4303,11.643,11.8597,12.0804,12.3052,12.5342,12.7675,13.0051,13.2471,13.4937,13.7448,14.0006,14.2611,14.5265,14.7969,15.0723,15.3528,15.6385,15.9295,16.226,16.5279,16.8355,17.1488,17.468,17.793,18.1242,18.4615,18.805,19.155,19.5115,19.8746,20.2445,20.6212,21.005,21.3959,21.7941,22.1997,22.6128,23.0336,23.4623,23.8989,24.3437,24.7967,25.2582,25.7283,26.2071,26.6948,27.1916,27.6976,28.2131,28.7381,29.2729,29.8177,30.3726,30.9379,31.5136,32.1001,32.6975,33.306,33.9258,34.5572,35.2003,35.8554,36.5227,37.2024,37.8947,38.5999,39.3183,40.05,40.7953,41.5546,42.3279,43.1156,43.918,44.7353,45.5679,46.4159,47.2797,48.1596,49.0558,49.9688,50.8987,51.8459,52.8108,53.7936,54.7947,55.8145,56.8532,57.9112,58.989,60.0868,61.205,62.344,63.5043,64.6861,65.8899,67.1161,68.3652,69.6374,70.9334,72.2535,73.5981,74.9678,76.363,77.7841,79.2317,80.7062,82.2082,83.7381,85.2964,86.8838,88.5007,90.1478,91.8254,93.5343,95.275,97.0481,98.8542,100.694,102.568,104.477,106.421,108.401,110.419,112.474,114.567,116.699,118.871,121.083,123.336,125.632,127.97,130.351,132.777,135.248,137.765,140.329,142.94,145.601,148.31,151.07,153.882,156.746,159.663,162.634,165.661,168.744,171.884,175.083,178.341,181.66,185.041,188.484,191.992,195.565,199.205,202.912,206.688,210.535,214.453,218.444,222.509,226.65,230.868,235.164,239.541,243.999,248.539,253.165,257.876,262.675,267.564,272.543,277.615,282.782,288.044,293.405,298.865,304.427,310.093,315.864,321.742,327.729,333.829,340.041,346.369,352.815,359.381,366.07,372.882,379.822,386.89,394.09,401.424,408.895,416.504,424.256,432.151,440.194,448.386,456.73,465.23,473.888,482.707,491.69,500.841,510.162,519.656,529.327,539.177,549.212,559.433,569.844,580.449,591.251,602.254,613.462,624.879,636.508,648.353,660.419,672.71,685.229,697.981,710.971,724.202,737.68,751.408,765.392,779.636,794.145,808.924,823.979,839.313,854.933,870.843,887.05,903.558,920.373,937.502,954.949,972.72,990.823,1009.26,1028.04,1047.18,1066.66,1086.52,1106.74,1127.33,1148.31,1169.68,1191.45,1213.62,1236.21,1259.22,1282.65,1306.52,1330.83,1355.6,1380.83,1406.53,1432.7,1459.37,1486.52,1514.19,1542.37,1571.07,1600.31,1630.09,1660.43,1691.33,1722.81,1754.87,1787.53,1820.79,1854.68,1889.19,1924.35,1960.16,1996.64,2033.8,2071.65,2110.2,2149.47,2189.48,2230.22,2271.73,2314.01,2357.07,2400.93,2445.62,2491.13,2537.49,2584.71,2632.82,2681.81,2731.72,2782.56,2834.34,2887.09,2940.82,2995.55,3051.3,3108.08,3165.92,3224.84,3284.86,3345.99,3408.26,3471.69,3536.3,3602.11,3669.14,3737.43,3806.98,3877.83,3950,4023.51,4098.38,4174.66,4252.35,4331.48,4412.09,4494.2,4577.84,4663.03,4749.81,4838.21,4928.25,5019.97,5113.39,5208.55,5305.48,5404.22,5504.79,5607.23,5711.59,5817.88,5926.15,6036.44,6148.78,6263.21,6379.77,6498.5,6619.43,6742.62,6868.1,6995.92,7126.12,7258.73,7393.82,7531.42,7671.58,7814.35,7959.78,8107.91,8258.8,8412.5,8569.06,8728.53,8890.97,9056.43,9224.97,9396.65,9571.52,9749.65,9931.09,10115.9,10304.2,10495.9,10691.3,10890.2,11092.9,11299.3,11509.6,11723.8,11942,12164.2,12390.6,12621.2,12856.1,13095.4,13339.1,13587.3,13840.2,14097.7,14360.1,14627.3,14899.6,15176.8,15459.3,15747,16040,16338.5,16642.6,16952.3,17267.8,17589.2,17916.5,18249.9,18589.6,18935.5,19287.9,19646.9,20012.5,20384.9,20764.3,21150.7,21544.3,21945.3,22353.7,22769.7,23193.5,23625.1,24064.8,24512.6,24968.8,25433.5,25906.8,26388.9,26880,27380.3,27889.8,28408.8,28937.5,29476.1,30024.6,30583.4,31152.5,31732.3,32322.8,32924.4,33537.1,34161.2,34797,35444.6,36104.2,36776.1,37460.5,38157.6,38867.8,39591.1,40327.9,41078.4,41842.9,42621.6,43414.8,44222.7,45045.7,45884,46738,47607.8,48493.7,49396.2,50315.5,51251.9,52205.7,53177.2,54166.9,55174.9,56201.7,57247.7,58313.1,59398.3,60503.7,61629.7,62776.6,63944.9,65134.9,66347.1,67581.8,68839.5,70120.6,71425.6,72754.8,74108.8,75488,76892.8,78323.8,79781.4,81266.2,82778.6,84319.1,85888.3,87486.7,89114.8,90773.3,92462.6,94183.3,95936.1,97721.5,99540.1,101393,103279,105202,107159,109154,111185,113254,115362,117509,119696,121923,124192,126503,128858,131256,133698,136187,138721,141303,143932,146611,149339,152119,154950,157833,160770,163762,166810,169914,173077,176298,179578,182920,186325,189792,193324,196922,200587,204320,208122,211995,215941,219959,224053,228222,232470,236796,241203,245692,250264,254921,259666,264498,269420,274434,279542,284744,290043,295441,300939,306540,312244,318055,323974,330003,336145,342401,348773,355263,361875,368610,375469,382457,389575,396825,404210,411732,419394,427199,435150,443248,451497,459899,468458,477176,486056,495102,504316,513701,523261,532999,542919,553022,563314,573798,584476,595353,606433,617719,629215,640924,652852,665002,677378,689984,702824,715904,729227,742798,756622,770703,785046,799655,814537,829696,845137,860865,876886,893205,909827,926759,944006,961575,979470,997698,1.01627e+06,1.03518e+06,1.05444e+06,1.07407e+06,1.09405e+06,1.11442e+06,1.13515e+06,1.15628e+06,1.1778e+06,1.19972e+06,1.22204e+06,1.24479e+06,1.26795e+06,1.29155e+06,1.31559e+06,1.34007e+06,1.36501e+06,1.39041e+06,1.41629e+06,1.44264e+06,1.46949e+06,1.49684e+06,1.5247e+06,1.55307e+06,1.58197e+06,1.61141e+06,1.6414e+06,1.67195e+06,1.70307e+06,1.73476e+06,1.76704e+06,1.79993e+06,1.83343e+06,1.86755e+06,1.9023e+06,1.9377e+06,1.97376e+06,2.0105e+06,2.04791e+06,2.08602e+06,2.12485e+06,2.16439e+06,2.20467e+06,2.2457e+06,2.28749e+06,2.33006e+06,2.37342e+06,2.41759e+06,2.46259e+06,2.50842e+06,2.5551e+06,2.60265e+06,2.65108e+06,2.70042e+06,2.75068e+06,2.80187e+06,2.85401e+06,2.90712e+06,2.96123e+06,3.01633e+06,3.07247e+06,3.12965e+06,3.18789e+06,3.24722e+06,3.30765e+06,3.36921e+06,3.43191e+06,3.49578e+06,3.56083e+06,3.6271e+06,3.6946e+06,3.76336e+06,3.8334e+06,3.90474e+06,3.9774e+06,4.05142e+06,4.12682e+06,4.20362e+06,4.28185e+06,4.36154e+06,4.44271e+06,4.52539e+06,4.6096e+06,4.69539e+06,4.78277e+06,4.87178e+06,4.96244e+06,5.0548e+06,5.14887e+06,5.24469e+06,5.34229e+06,5.44171e+06,5.54299e+06,5.64614e+06,5.75122e+06,5.85825e+06,5.96727e+06,6.07832e+06,6.19144e+06,6.30667e+06,6.42403e+06,6.54359e+06,6.66536e+06,6.78941e+06,6.91576e+06,7.04446e+06,7.17556e+06,7.3091e+06,7.44512e+06,7.58368e+06,7.72481e+06,7.86857e+06,8.01501e+06,8.16417e+06,8.3161e+06,8.47087e+06,8.62851e+06,8.78909e+06,8.95266e+06,9.11927e+06,9.28898e+06,9.46185e+06,9.63793e+06,9.8173e+06,1e+07
source-iicr-5,100.036,100.037,100.037,100.038,100.039,100.039,100.04,100.041,100.042,100.042,100.043,100.044,100.045,100.046,100.046,100.047,100.048,100.049,100.05,100.051,100.052,100.053,100.054,100.055,100.056,100.057,100.058,100.059,100.06,100.061,100.062,100.064,100.065,100.066,100.067,100.069,100.07,100.071,100.072,100.074,100.075,100.077,100.078,100.08,100.081,100.083,100.084,100.086,100.087,100.089,100.091,100.092,100.094,100.096,100.098,100.099,100.101,100.103,100.105,100.107,100.109,100.111,100.113,100.115,100.117,100.12,100.122,100.124,100.127,100.129,100.131,100.134,100.136,100.139,100.141,100.144,100.147,100.15,100.152,100.155,100.158,100.161,100.164,100.167,100.17,100.174,100.177,100.18,100.184,100.187,100.191,100.194,100.198,100.202,100.205,100.209,100.213,100.217,100.221,100.226,100.23,100.234,100.239,100.243,100.248,100.253,100.257,100.262,100.267,100.272,100.277,100.283,100.288,100.294,100.299,100.305,100.311,100.317,100.323,100.329,100.335,100.341,100.348,100.354,100.361,100.368,100.375,100.382,100.39,100.397,100.405,100.412,100.42,100.428,100.437,100.445,100.454,100.462,100.471,100.48,100.49,100.499,100.509,100.518,100.528,100.539,100.549,100.56,100.57,100.581,100.593,100.604,100.616,100.628,100.64,100.653,100.665,100.678,100.692,100.705,100.719,100.733,100.747,100.762,100.777,100.792,100.808,100.824,100.84,100.856,100.873,100.891,100.908,100.926,100.945,100.963,100.982,101.002,101.022,101.042,101.063,101.084,101.106,101.128,101.151,101.174,101.198,101.222,101.247,101.272,101.298,101.324,101.351,101.378,101.406,101.435,101.465,101.495,101.525,101.557,101.589,101.622,101.655,101.689,101.724,101.76,101.797,101.835,101.873,101.912,101.953,101.994,102.036,102.079,102.123,102.168,102.214,102.262,102.31,102.36,102.411,102.463,102.516,102.571,102.627,102.684,102.743,102.803,102.865,102.928,102.993,103.06,103.128,103.198,103.27,103.343,103.419,103.496,103.576,103.658,103.742,103.828,103.916,104.007,104.101,104.196,104.295,104.396,104.5,104.607,104.717,104.831,104.947,105.067,105.19,105.317,105.448,105.582,105.72,105.863,106.01,106.161,106.317,106.478,106.644,106.815,106.991,107.173,107.361,107.555,107.756,107.962,108.176,108.397,108.625,108.861,109.105,109.358,109.619,109.89,110.17,110.46,110.76,111.072,111.395,111.729,112.077,112.437,112.811,113.2,113.604,114.023,114.459,114.913,115.385,115.876,116.387,116.92,117.475,118.054,118.657,119.287,119.944,120.631,121.348,122.098,122.882,123.702,124.561,125.46,126.403,127.391,128.427,129.515,130.657,131.858,133.12,134.447,135.844,137.315,138.866,140.501,142.225,144.047,145.97,148.004,150.156,152.433,154.846,157.403,160.116,162.996,166.055,169.307,172.768,176.452,180.378,184.565,189.033,193.806,198.908,204.366,210.211,216.474,223.192,230.404,238.152,246.484,255.452,265.112,275.527,286.767,298.906,312.029,326.226,341.601,358.264,376.339,395.961,417.28,440.46,465.683,493.148,523.076,555.706,591.303,630.156,672.581,718.924,769.556,824.885,885.345,951.405,1023.56,1102.35,1188.31,1282.02,1384.06,1495.03,1615.51,1746.04,1887.16,2039.3,2202.83,2378,2564.89,2763.45,2973.39,3194.2,3425.16,3665.27,3913.3,4167.76,4427.01,4689.22,4952.46,5214.79,5474.27,5729.09,5977.58,6218.3,6450.05,6671.94,6883.33,7083.89,7273.54,7452.44,7620.95,7779.61,7929.06,8070.05,8203.38,8329.87,8450.36,8565.65,8676.54,8783.76,8888.01,8989.93,9090.1,9189.06,9287.28,9385.2,9483.19,9581.61,9680.74,9780.85,9882.19,9984.96,10089.3,10195.5,10303.5,10413.7,10525.9,10640.5,10757.4,10876.8,10998.7,11123.2,11250.4,11380.3,11513.1,11648.7,11787.3,11928.9,12073.5,12221.2,12372.1,12526.3,12683.7,12844.5,13008.6,13176.2,13347.3,13522,13700.3,13882.2,14067.8,14257.2,14450.4,14647.4,14848.4,15053.3,15262.2,15475.2,15692.3,15913.5,16138.9,16368.5,16602.4,16840.6,17083.1,17330.1,17581.5,17837.3,18097.7,18362.6,18632,18906.1,19184.9,19468.3,19756.5,20049.4,20347.1,20649.7,20957.1,21269.4,21586.7,21908.9,22236.2,22568.5,22905.8,23248.4,23596,23948.9,24307,24670.5,25039.2,25413.4,25793,26178,26568.6,26964.8,27366.6,27774.1,28187.3,28606.3,29031.2,29462,29898.7,30341.5,30790.4,31245.4,31706.6,32174.1,32647.9,33128.1,33614.8,34108,34607.8,35114.2,35627.4,36147.3,36674.1,37207.7,37748.4,38296,38850.8,39412.7,39981.8,40558.2,41142,41733.1,42331.8,42937.9,43551.7,44173.2,44802.4,45439.4,46084.3,46737.1,47398,48067.1,48744.3,49429.8,50123.7,50826,51536.9,52256.5,52984.8,53722,54468.2,55223.5,55988,56761.9,57545.2,58338.2,59140.9,59953.5,60776.2,61609.1,62452.4,63306.3,64170.9,65046.3,65932.9,66830.7,67739.9,68660.8,69593.5,70538.3,71495.2,72464.6,73446.6,74441.4,75449.3,76470.3,77504.7,78552.7,79614.4,80690.1,81779.9,82883.9,84002.4,85135.4,86283.1,87445.6,88623,89815.4,91022.8,92245.3,93483,94735.8,96003.6,97286.6,98584.5,99897.3,101225,102567,103924,105294,106679,108077,109488,110912,112349,113797,115257,116727,118208,119698,121197,122704,124218,125738,127264,128794,130328,131864,133401,134938,136474,138008,139539,141064,142584,144096,145599,147093,148575,150044,151499,152938,154361,155765,157151,158515,159858,161178,162473,163744,164988,166205,167395,168555,169686,170787,171857,172896,173903,174878,175821,176732,177610,178456,179269,180050,180799,181517,182203,182859,183484,184079,184645,185183,185693,186175,186632,187062,187468,187851,188210,188547,188862,189158,189434,189691,189931,190153,190360,190551,190729,190892,191043,191182,191310,191427,191534,191632,191722,191803,191877,191945,192006,192061,192111,192156,192196,192232,192265,192294,192320,192343,192364,192382,192398,192412,192425,192436,192446,192455,192462,192469,192474,192479,192484,192488,192491,192494,192496,192498,192500,192501,192503,192504,192505,192506,192506,192507,192507,192508,192508,192508,192509,192509,192509,192509,192509,192509,192509,192509,192510,192510,192510,192510,192510,192510,192510,192510,192510,192510,192510,192510,192510,192510,192510,192510,192510,192510,192510,192510,192510,192510,192510,192510,192510,192510,192510,192510,192510,192510,192510,192510,192510,192510,192510,192510,192510,192510,192510,192510,192510,192510,192510,192510,192510,192510,192510,192510,192510,192510,192510,192510,192510,192510,192510,192510,192510,192510,192510,192510,192510,192510,192510,192510,192510,192510,192510,192510,192510,192510,192510,192510,192510,192510,192510,192510,192510,192510,192510,192510,192510,192510,192510,192510,192510,192510,192510,192510,192510,192510,192510,192510,192510,192510,192510,192510,192510,192510,192510,192510,192510,192510,192510,192510,192510,192510,192510,192510,192510,192510,192510,192510,192510,192510,192510,192510,192510,192510,192510,192510,192510,192510,192510,192510,192510,192510,192510,192510,192510,192510,192510,192510,192510,192510,192510
source-cdf-5,0.00999641,2.30669e-05,0.000209508,0.000399381,0.000592749,0.000789677,0.000990227,0.00119447,0.00140246,0.00161429,0.00183,0.00204968,0.0022734,0.00250122,0.00273324,0.00296951,0.00321012,0.00345514,0.00370466,0.00395876,0.00421752,0.00448102,0.00474935,0.0050226,0.00530085,0.0055842,0.00587273,0.00616655,0.00646574,0.0067704,0.00708064,0.00739654,0.00771822,0.00804577,0.0083793,0.00871892,0.00906473,0.00941686,0.0097754,0.0101405,0.0105122,0.0108907,0.0112761,0.0116685,0.012068,0.0124748,0.012889,0.0133107,0.0137401,0.0141772,0.0146223,0.0150755,0.0155369,0.0160066,0.0164848,0.0169717,0.0174674,0.017972,0.0184858,0.0190088,0.0195413,0.0200833,0.0206352,0.021197,0.0217689,0.022351,0.0229437,0.023547,0.0241611,0.0247862,0.0254225,0.0260703,0.0267296,0.0274007,0.0280839,0.0287792,0.0294869,0.0302073,0.0309405,0.0316867,0.0324463,0.0332193,0.034006,0.0348067,0.0356217,0.036451,0.037295,0.0381539,0.039028,0.0399175,0.0408227,0.0417438,0.0426812,0.043635,0.0446055,0.045593,0.0465979,0.0476203,0.0486605,0.0497189,0.0507958,0.0518914,0.053006,0.05414,0.0552936,0.0564672,0.0576611,0.0588755,0.060111,0.0613676,0.0626459,0.0639461,0.0652686,0.0666137,0.0679818,0.0693731,0.0707882,0.0722273,0.0736908,0.0751791,0.0766925,0.0782314,0.0797963,0.0813874,0.0830052,0.0846501,0.0863224,0.0880226,0.0897511,0.0915082,0.0932944,0.0951101,0.0969557,0.0988317,0.100738,0.102676,0.104646,0.106647,0.108681,0.110748,0.112848,0.114982,0.117151,0.119354,0.121592,0.123865,0.126175,0.128521,0.130904,0.133325,0.135783,0.138279,0.140815,0.143389,0.146004,0.148658,0.151353,0.154089,0.156866,0.159686,0.162547,0.165452,0.1684,0.171392,0.174427,0.177508,0.180633,0.183804,0.187021,0.190284,0.193594,0.196951,0.200355,0.203807,0.207308,0.210857,0.214456,0.218103,0.221801,0.225549,0.229347,0.233195,0.237095,0.241046,0.245049,0.249103,0.25321,0.257369,0.261581,0.265845,0.270163,0.274533,0.278957,0.283434,0.287965,0.292549,0.297187,0.301879,0.306624,0.311423,0.316275,0.321182,0.326141,0.331155,0.336221,0.34134,0.346513,0.351737,0.357015,0.362344,0.367725,0.373157,0.37864,0.384173,0.389757,0.39539,0.401071,0.406801,0.412579,0.418403,0.424274,0.43019,0.43615,0.442154,0.448201,0.45429,0.46042,0.466589,0.472797,0.479042,0.485324,0.491641,0.497991,0.504374,0.510788,0.517231,0.523703,0.5302,0.536723,0.543269,0.549837,0.556424,0.563029,0.56965,0.576286,0.582934,0.589592,0.596259,0.602932,0.609609,0.616288,0.622966,0.629642,0.636314,0.642978,0.649634,0.656277,0.662906,0.669519,0.676113,0.682685,0.689234,0.695756,0.702249,0.708711,0.715138,0.72153,0.727882,0.734193,0.74046,0.74668,0.752851,0.758971,0.765037,0.771046,0.776997,0.782887,0.788713,0.794474,0.800167,0.80579,0.81134,0.816817,0.822217,0.827539,0.832781,0.837942,0.843019,0.84801,0.852916,0.857733,0.862461,0.867098,0.871643,0.876096,0.880455,0.884719,0.888887,0.89296,0.896936,0.900816,0.904598,0.908282,0.91187,0.91536,0.918752,0.922048,0.925247,0.92835,0.931357,0.93427,0.937089,0.939815,0.942448,0.944991,0.947444,0.949809,0.952086,0.954278,0.956386,0.958411,0.960356,0.962221,0.964009,0.965721,0.96736,0.968927,0.970424,0.971854,0.973217,0.974516,0.975754,0.976932,0.978052,0.979116,0.980126,0.981085,0.981994,0.982855,0.98367,0.984441,0.985169,0.985858,0.986508,0.987121,0.987699,0.988243,0.988756,0.989239,0.989692,0.990119,0.990519,0.990895,0.991248,0.991579,0.991889,0.992179,0.992451,0.992706,0.992944,0.993166,0.993374,0.993568,0.993749,0.993918,0.994076,0.994223,0.99436,0.994488,0.994607,0.994717,0.99482,0.994916,0.995005,0.995088,0.995165,0.995237,0.995304,0.995366,0.995424,0.995478,0.995528,0.995574,0.995618,0.995659,0.995697,0.995733,0.995766,0.995798,0.995827,0.995855,0.995882,0.995907,0.995931,0.995954,0.995976,0.995997,0.996017,0.996037,0.996056,0.996074,0.996093,0.99611,0.996128,0.996145,0.996162,0.996178,0.996195,0.996211,0.996228,0.996244,0.99626,0.996276,0.996292,0.996308,0.996325,0.996341,0.996357,0.996373,0.99639,0.996406,0.996422,0.996439,0.996455,0.996472,0.996489,0.996505,0.996522,0.996539,0.996556,0.996573,0.99659,0.996607,0.996624,0.996641,0.996658,0.996675,0.996692,0.996709,0.996727,0.996744,0.996761,0.996779,0.996796,0.996814,0.996831,0.996848,0.996866,0.996883,0.996901,0.996918,0.996936,0.996953,0.996971,0.996988,0.997006,0.997023,0.997041,0.997058,0.997075,0.997093,0.99711,0.997128,0.997145,0.997162,0.997179,0.997197,0.997214,0.997231,0.997248,0.997265,0.997282,0.9973,0.997317,0.997333,0.99735,0.997367,0.997384,0.997401,0.997418,0.997434,0.997451,0.997468,0.997484,0.997501,0.997517,0.997534,0.99755,0.997566,0.997583,0.997599,0.997615,0.997631,0.997647,0.997663,0.997679,0.997695,0.997711,0.997727,0.997743,0.997758,0.997774,0.99779,0.997805,0.997821,0.997836,0.997851,0.997867,0.997882,0.997897,0.997913,0.997928,0.997943,0.997958,0.997973,0.997988,0.998002,0.998017,0.998032,0.998047,0.998061,0.998076,0.99809,0.998105,0.998119,0.998134,0.998148,0.998162,0.998177,0.998191,0.998205,0.998219,0.998233,0.998247,0.998261,0.998275,0.998289,0.998302,0.998316,0.99833,0.998343,0.998357,0.99837,0.998384,0.998397,0.99841,0.998424,0.998437,0.99845,0.998463,0.998476,0.998489,0.998502,0.998515,0.998528,0.998541,0.998554,0.998567,0.998579,0.998592,0.998604,0.998617,0.998629,0.998642,0.998654,0.998666,0.998679,0.998691,0.998703,0.998715,0.998727,0.998739,0.998751,0.998763,0.998775,0.998787,0.998798,0.99881,0.998822,0.998833,0.998845,0.998856,0.998867,0.998879,0.99889,0.998901,0.998912,0.998923,0.998934,0.998945,0.998956,0.998967,0.998978,0.998989,0.998999,0.99901,0.999021,0.999031,0.999042,0.999052,0.999062,0.999073,0.999083,0.999093,0.999103,0.999113,0.999123,0.999133,0.999143,0.999153,0.999163,0.999172,0.999182,0.999192,0.999201,0.999211,0.99922,0.999229,0.999239,0.999248,0.999257,0.999266,0.999276,0.999285,0.999294,0.999303,0.999312,0.999321,0.999329,0.999338,0.999347,0.999356,0.999365,0.999373,0.999382,0.99939,0.999399,0.999407,0.999416,0.999424,0.999433,0.999441,0.999449,0.999458,0.999466,0.999474,0.999482,0.999491,0.999499,0.999507,0.999515,0.999523,0.999531,0.999539,0.999547,0.999555,0.999563,0.999571,0.999579,0.999586,0.999594,0.999602,0.99961,0.999617,0.999625,0.999633,0.99964,0.999648,0.999655,0.999663,0.99967,0.999677,0.999685,0.999692,0.999699,0.999706,0.999714,0.999721,0.999728,0.999735,0.999742,0.999748,0.999755,0.999762,0.999768,0.999775,0.999781,0.999788,0.999794,0.999801,0.999807,0.999813,0.999819,0.999825,0.999831,0.999836,0.999842,0.999847,0.999853,0.999858,0.999863,0.999869,0.999874,0.999879,0.999883,0.999888,0.999893,0.999897,0.999902,0.999906,0.99991,0.999914,0.999918,0.999922,0.999926,0.999929,0.999933,0.999936,0.999939,0.999943,0.999946,0.999949,0.999951,0.999954,0.999957,0.999959,0.999962,0.999964,0.999966,0.999968,0.99997,0.999972,0.999974,0.999976,0.999977,0.999979,0.99998,0.999982,0.999983,0.999984,0.999986,0.999987,0.999988,0.999989,0.99999,0.99999,0.999991,0.999992,0.999993,0.999993,0.999994,0.999995,0.999995,0.999996,0.999996,0.999996,0.999997,0.999997,0.999997,0.999998,0.999998,0.999998,0.999998,0.999999,0.999999,0.999999,0.999999,0.999999,0.999999,0.999999,0.999999,0.999999,1,1,1,1,1,1,1,1,1,1,1,1,1,1,1,1,1,1,1,1,1,1,1,1,1,1,1,1,1,1,1,1,1,1,1,1,1,1,1,1,1,1,1,1,1,1,1,1,1,1,1,1,1,1,1,1,1,1,1,1,1,1,1,1,1,1,1,1,1,1,1,1,1,1,1,1,1,1,1,1,1,1,1,1,1,1,1,1,1,1,1,1,1,1,1,1,1,1,1,1,1,1,1,1
source-pdf-5,0.00989649,0.00999612,0.00999418,0.00999222,0.00999021,0.00998817,0.00998609,0.00998398,0.00998182,0.00997963,0.00997739,0.00997512,0.0099728,0.00997044,0.00996803,0.00996559,0.00996309,0.00996056,0.00995797,0.00995534,0.00995266,0.00994993,0.00994715,0.00994431,0.00994143,0.0099385,0.00993551,0.00993246,0.00992936,0.00992621,0.00992299,0.00991972,0.00991639,0.00991299,0.00990954,0.00990602,0.00990244,0.00989879,0.00989507,0.00989129,0.00988744,0.00988352,0.00987953,0.00987546,0.00987132,0.00986711,0.00986282,0.00985845,0.009854,0.00984947,0.00984486,0.00984017,0.00983539,0.00983052,0.00982557,0.00982053,0.00981539,0.00981016,0.00980484,0.00979942,0.00979391,0.00978829,0.00978258,0.00977676,0.00977084,0.00976481,0.00975867,0.00975242,0.00974606,0.00973958,0.00973299,0.00972628,0.00971946,0.00971251,0.00970543,0.00969823,0.0096909,0.00968344,0.00967585,0.00966812,0.00966025,0.00965225,0.0096441,0.00963581,0.00962737,0.00961878,0.00961004,0.00960115,0.0095921,0.00958289,0.00957352,0.00956398,0.00955428,0.0095444,0.00953435,0.00952413,0.00951373,0.00950314,0.00949237,0.00948141,0.00947027,0.00945893,0.00944739,0.00943565,0.00942371,0.00941156,0.0093992,0.00938663,0.00937385,0.00936084,0.00934761,0.00933415,0.00932047,0.00930655,0.00929239,0.00927799,0.00926335,0.00924846,0.00923331,0.00921791,0.00920225,0.00918633,0.00917014,0.00915368,0.00913694,0.00911993,0.00910263,0.00908504,0.00906716,0.00904898,0.00903051,0.00901173,0.00899264,0.00897324,0.00895352,0.00893348,0.00891311,0.00889242,0.00887139,0.00885002,0.0088283,0.00880624,0.00878382,0.00876105,0.00873792,0.00871441,0.00869054,0.00866629,0.00864166,0.00861665,0.00859125,0.00856545,0.00853925,0.00851265,0.00848564,0.00845822,0.00843038,0.00840212,0.00837343,0.00834431,0.00831475,0.00828476,0.00825432,0.00822343,0.00819208,0.00816028,0.00812802,0.00809529,0.00806208,0.00802841,0.00799425,0.00795961,0.00792448,0.00788886,0.00785275,0.00781613,0.00777902,0.0077414,0.00770327,0.00766462,0.00762546,0.00758578,0.00754558,0.00750486,0.0074636,0.00742182,0.00737951,0.00733666,0.00729327,0.00724934,0.00720488,0.00715987,0.00711432,0.00706823,0.00702159,0.00697441,0.00692668,0.00687841,0.00682959,0.00678023,0.00673032,0.00667987,0.00662887,0.00657734,0.00652527,0.00647266,0.00641951,0.00636584,0.00631164,0.00625691,0.00620167,0.0061459,0.00608963,0.00603285,0.00597557,0.0059178,0.00585954,0.00580079,0.00574157,0.00568189,0.00562174,0.00556115,0.00550011,0.00543865,0.00537676,0.00531446,0.00525176,0.00518867,0.0051252,0.00506137,0.00499719,0.00493267,0.00486783,0.00480268,0.00473723,0.0046715,0.00460552,0.00453928,0.00447282,0.00440614,0.00433927,0.00427223,0.00420502,0.00413769,0.00407024,0.00400269,0.00393507,0.00386739,0.00379968,0.00373197,0.00366426,0.0035966,0.00352899,0.00346147,0.00339406,0.00332678,0.00325966,0.00319272,0.00312599,0.00305949,0.00299326,0.00292731,0.00286166,0.00279636,0.00273142,0.00266687,0.00260274,0.00253904,0.00247582,0.00241309,0.00235088,0.00228921,0.00222812,0.00216762,0.00210774,0.0020485,0.00198994,0.00193207,0.00187491,0.00181849,0.00176283,0.00170795,0.00165387,0.00160061,0.0015482,0.00149664,0.00144596,0.00139617,0.00134729,0.00129933,0.00125231,0.00120624,0.00116113,0.00111699,0.00107384,0.00103167,0.000990498,0.000950331,0.000911172,0.000873024,0.000835891,0.000799772,0.000764669,0.00073058,0.000697503,0.000665434,0.000634368,0.0006043,0.000575222,0.000547127,0.000520004,0.000493843,0.000468634,0.000444362,0.000421016,0.00039858,0.000377038,0.000356376,0.000336575,0.000317619,0.000299488,0.000282164,0.000265627,0.000249856,0.000234832,0.000220533,0.000206938,0.000194024,0.000181771,0.000170156,0.000159157,0.000148752,0.000138919,0.000129635,0.000120879,0.000112629,0.000104863,9.75605e-05,9.07002e-05,8.42615e-05,7.82243e-05,7.2569e-05,6.72763e-05,6.23276e-05,5.77047e-05,5.33899e-05,4.93662e-05,4.56173e-05,4.21272e-05,3.88807e-05,3.58633e-05,3.3061e-05,3.04603e-05,2.80487e-05,2.58139e-05,2.37444e-05,2.18294e-05,2.00585e-05,1.84219e-05,1.69104e-05,1.55154e-05,1.42287e-05,1.30426e-05,1.19499e-05,1.09439e-05,1.00184e-05,9.16736e-06,8.38537e-06,7.66729e-06,7.00835e-06,6.40412e-06,5.85045e-06,5.3435e-06,4.8797e-06,4.45573e-06,4.0685e-06,3.71516e-06,3.39302e-06,3.09964e-06,2.83271e-06,2.59011e-06,2.36987e-06,2.17014e-06,1.98923e-06,1.82557e-06,1.67768e-06,1.54422e-06,1.42392e-06,1.31561e-06,1.21824e-06,1.13078e-06,1.05233e-06,9.82036e-07,9.19111e-07,8.62835e-07,8.12544e-07,7.6763e-07,7.27536e-07,6.9175e-07,6.59808e-07,6.31287e-07,6.058e-07,5.83e-07,5.62572e-07,5.4423e-07,5.27721e-07,5.12814e-07,4.99306e-07,4.87015e-07,4.75778e-07,4.65453e-07,4.55914e-07,4.47049e-07,4.38763e-07,4.30971e-07,4.23599e-07,4.16585e-07,4.09873e-07,4.03417e-07,3.97177e-07,3.91119e-07,3.85216e-07,3.79442e-07,3.73779e-07,3.6821e-07,3.62722e-07,3.57302e-07,3.51944e-07,3.46639e-07,3.41382e-07,3.3617e-07,3.30998e-07,3.25865e-07,3.20769e-07,3.15708e-07,3.10684e-07,3.05695e-07,3.00741e-07,2.95824e-07,2.90943e-07,2.86099e-07,2.81294e-07,2.76528e-07,2.71802e-07,2.67117e-07,2.62473e-07,2.57873e-07,2.53317e-07,2.48806e-07,2.4434e-07,2.39922e-07,2.35551e-07,2.31228e-07,2.26955e-07,2.22732e-07,2.18559e-07,2.14438e-07,2.10369e-07,2.06352e-07,2.02388e-07,1.98478e-07,1.94622e-07,1.9082e-07,1.87072e-07,1.8338e-07,1.79742e-07,1.7616e-07,1.72632e-07,1.69161e-07,1.65744e-07,1.62383e-07,1.59078e-07,1.55827e-07,1.52632e-07,1.49491e-07,1.46405e-07,1.43374e-07,1.40396e-07,1.37472e-07,1.34601e-07,1.31783e-07,1.29017e-07,1.26303e-07,1.2364e-07,1.21028e-07,1.18467e-07,1.15955e-07,1.13492e-07,1.11077e-07,1.08711e-07,1.06391e-07,1.04118e-07,1.0189e-07,9.97077e-08,9.75695e-08,9.54749e-08,9.34232e-08,9.14137e-08,8.94456e-08,8.75183e-08,8.56309e-08,8.37828e-08,8.19732e-08,8.02015e-08,7.84669e-08,7.67687e-08,7.51062e-08,7.34788e-08,7.18856e-08,7.03262e-08,6.87997e-08,6.73056e-08,6.58431e-08,6.44117e-08,6.30107e-08,6.16395e-08,6.02974e-08,5.8984e-08,5.76986e-08,5.64406e-08,5.52095e-08,5.40047e-08,5.28257e-08,5.16719e-08,5.05428e-08,4.9438e-08,4.83568e-08,4.72989e-08,4.62636e-08,4.52506e-08,4.42594e-08,4.32895e-08,4.23405e-08,4.14119e-08,4.05033e-08,3.96143e-08,3.87445e-08,3.78933e-08,3.70606e-08,3.62457e-08,3.54485e-08,3.46684e-08,3.39051e-08,3.31582e-08,3.24274e-08,3.17124e-08,3.10127e-08,3.0328e-08,2.96581e-08,2.90025e-08,2.8361e-08,2.77332e-08,2.71188e-08,2.65176e-08,2.59292e-08,2.53533e-08,2.47897e-08,2.42381e-08,2.36982e-08,2.31698e-08,2.26526e-08,2.21463e-08,2.16507e-08,2.11656e-08,2.06907e-08,2.02259e-08,1.97708e-08,1.93253e-08,1.88892e-08,1.84623e-08,1.80443e-08,1.76352e-08,1.72346e-08,1.68424e-08,1.64585e-08,1.60827e-08,1.57148e-08,1.53546e-08,1.50021e-08,1.4657e-08,1.43192e-08,1.39885e-08,1.36649e-08,1.33482e-08,1.30382e-08,1.27349e-08,1.24381e-08,1.21476e-08,1.18635e-08,1.15855e-08,1.13136e-08,1.10476e-08,1.07875e-08,1.05331e-08,1.02843e-08,1.00411e-08,9.80335e-09,9.57093e-09,9.34376e-09,9.12177e-09,8.90485e-09,8.69292e-09,8.4859e-09,8.28369e-09,8.08621e-09,7.89338e-09,7.70512e-09,7.52134e-09,7.34196e-09,7.16691e-09,6.9961e-09,6.82945e-09,6.66689e-09,6.50833e-09,6.3537e-09,6.20292e-09,6.05592e-09,5.91261e-09,5.77292e-09,5.63678e-09,5.5041e-09,5.37482e-09,5.24885e-09,5.12612e-09,5.00656e-09,4.89009e-09,4.77664e-09,4.66614e-09,4.5585e-09,4.45366e-09,4.35154e-09,4.25207e-09,4.15517e-09,4.06079e-09,3.96884e-09,3.87925e-09,3.79196e-09,3.70689e-09,3.62398e-09,3.54315e-09,3.46435e-09,3.38751e-09,3.31255e-09,3.23942e-09,3.16805e-09,3.09838e-09,3.03035e-09,2.9639e-09,2.89898e-09,2.83551e-09,2.77346e-09,2.71276e-09,2.65336e-09,2.59521e-09,2.53826e-09,2.48247e-09,2.42778e-09,2.37415e-09,2.32154e-09,2.2699e-09,2.21921e-09,2.16941e-09,2.12047e-09,2.07236e-09,2.02505e-09,1.9785e-09,1.93269e-09,1.88759e-09,1.84317e-09,1.79941e-09,1.75629e-09,1.71379e-09,1.67188e-09,1.63056e-09,1.58981e-09,1.54961e-09,1.50995e-09,1.47082e-09,1.43221e-09,1.39411e-09,1.35653e-09,1.31944e-09,1.28285e-09,1.24676e-09,1.21116e-09,1.17605e-09,1.14143e-09,1.10731e-09,1.07367e-09,1.04054e-09,1.0079e-09,9.75771e-10,9.44146e-10,9.13031e-10,8.82433e-10,8.52355e-10,8.22804e-10,7.93785e-10,7.65302e-10,7.37362e-10,7.09969e-10,6.83129e-10,6.56848e-10,6.31129e-10,6.05977e-10,5.81398e-10,5.57393e-10,5.33968e-10,5.11124e-10,4.88866e-10,4.67193e-10,4.46108e-10,4.25612e-10,4.05706e-10,3.86387e-10,3.67657e-10,3.49513e-10,3.31953e-10,3.14973e-10,2.98572e-10,2.82743e-10,2.67483e-10,2.52786e-10,2.38646e-10,2.25056e-10,2.12009e-10,1.99496e-10,1.8751e-10,1.76041e-10,1.65079e-10,1.54615e-10,1.44638e-10,1.35137e-10,1.26101e-10,1.17517e-10,1.09374e-10,1.0166e-10,9.43607e-11,8.74645e-11,8.09579e-11,7.48275e-11,6.90601e-11,6.36422e-11,5.85602e-11,5.38007e-11,4.935e-11,4.51949e-11,4.13219e-11,3.77179e-11,3.43698e-11,3.12648e-11,2.83902e-11,2.57336e-11,2.32831e-11,2.10267e-11,1.8953e-11,1.70508e-11,1.53094e-11,1.37183e-11,1.22674e-11,1.09473e-11,9.74848e-12,8.66225e-12,7.68016e-12,6.79417e-12,5.9967e-12,5.28055e-12,4.63893e-12,4.06546e-12,3.55414e-12,3.09937e-12,2.69591e-12,2.3389e-12,2.0238e-12,1.74645e-12,1.50297e-12,1.28984e-12,1.10378e-12,9.41821e-13,8.01261e-13,6.7963e-13,5.74699e-13,4.84455e-13,4.07085e-13,3.40966e-13,2.84646e-13,2.36831e-13,1.96375e-13,1.62263e-13,1.33602e-13,1.09606e-13,8.95888e-14,7.29532e-14,5.918e-14,4.78206e-14,3.84886e-14,3.08528e-14,2.46303e-14,1.95805e-14,1.54997e-14,1.22162e-14,9.58567e-15,7.48772e-15,5.82211e-15,4.50586e-15,3.47059e-15,2.66024e-15,2.02902e-15,1.5398e-15,1.16255e-15,8.7315e-16,6.52307e-16,4.84683e-16,3.58148e-16,2.63162e-16,1.92262e-16,1.39645e-16,1.00826e-16,7.23583e-17,5.16086e-17,3.65784e-17,2.576e-17,1.80232e-17,1.25266e-17,8.64751e-18,5.92864e-18,4.03616e-18,2.72819e-18,1.83069e-18,1.21936e-18,8.0605e-19,5.28747e-19,3.44133e-19,2.22194e-19,1.423e-19,9.03803e-20,5.69213e-20,3.55418e-20,2.19987e-20,1.34951e-20,8.20366e-21,4.94101e-21,2.94799e-21,1.74205e-21,1.0194e-21,5.90608e-22,3.3872e-22,1.9226e-22,1.07984e-22,6.00025e-23,3.29784e-23,1.79247e-23,9.63265e-24,5.11706e-24,2.68648e-24,1.3936e-24,7.14148e-25,3.61439e-25,1.80625e-25,8.91073e-26,4.33849e-26,2.08424e-26,9.8771e-27,4.61612e-27,2.12704e-27,9.6608e-28,4.32386e-28,1.90648e-28,8.27893e-29,3.53976e-29,1.48973e-29,6.16944e-30,2.51339e-30,1.00697e-30,3.96622e-31,1.53536e-31
inferred-iicr-5,9969.41,9969.41,9969.41,9969.42,9969.42,9969.42,9969.43,9969.43,9969.43,9969.44,9969.44,9969.45,9969.45,9969.45,9969.46,9969.46,9969.47,9969.47,9969.48,9969.48,9969.49,9969.49,9969.5,9969.5,9969.51,9969.51,9969.52,9969.52,9969.53,9969.53,9969.54,9969.54,9969.55,9969.55,9969.56,9969.57,9969.57,9969.58,9969.59,9969.59,9969.6,9969.61,9969.61,9969.62,9969.63,9969.63,9969.64,9969.65,9969.66,9969.67,9969.67,9969.68,9969.69,9969.7,9969.71,9969.72,9969.73,9969.73,9969.74,9969.75,9969.76,9969.77,9969.78,9969.79,9969.8,9969.81,9969.83,9969.84,9969.85,9969.86,9969.87,9969.88,9969.9,9969.91,9969.92,9969.93,9969.95,9969.96,9969.97,9969.99,9970,9970.02,9970.03,9970.04,9970.06,9970.08,9970.09,9970.11,9970.12,9970.14,9970.16,9970.17,9970.19,9970.21,9970.23,9970.25,9970.26,9970.28,9970.3,9970.32,9970.34,9970.36,9970.39,9970.41,9970.43,9970.45,9970.47,9970.5,9970.52,9970.55,9970.57,9970.59,9970.62,9970.65,9970.67,9970.7,9970.73,9970.75,9970.78,9970.81,9970.84,9970.87,9970.9,9970.93,9970.96,9971,9971.03,9971.06,9971.1,9971.13,9971.17,9971.2,9971.24,9971.28,9971.31,9971.35,9971.39,9971.43,9971.47,9971.52,9971.56,9971.6,9971.65,9971.69,9971.74,9971.78,9971.83,9971.88,9971.93,9971.98,9972.03,9972.08,9972.14,9972.19,9972.24,9972.3,9972.36,9972.42,9972.48,9972.54,9972.6,9972.66,9972.72,9972.79,9972.86,9972.92,9972.99,9973.06,9973.13,9973.21,9973.28,9973.36,9973.43,9973.51,9973.59,9973.67,9973.75,9973.84,9973.92,9974.01,9974.1,9974.19,9974.28,9974.38,9974.47,9974.57,9974.67,9974.77,9974.88,9974.98,9975.09,9975.2,9975.31,9975.42,9975.54,9975.65,9975.77,9975.9,9976.02,9976.15,9976.27,9976.41,9976.54,9976.68,9976.81,9976.96,9977.1,9977.25,9977.4,9977.55,9977.7,9977.86,9978.02,9978.19,9978.35,9978.52,9978.7,9978.87,9979.05,9979.24,9979.42,9979.61,9979.81,9980,9980.2,9980.41,9980.62,9980.83,9981.04,9981.27,9981.49,9981.72,9981.95,9982.19,9982.43,9982.68,9982.93,9983.18,9983.44,9983.71,9983.98,9984.25,9984.53,9984.82,9985.11,9985.41,9985.71,9986.02,9986.33,9986.65,9986.97,9987.31,9987.64,9987.99,9988.34,9988.69,9989.06,9989.43,9989.8,9990.19,9990.58,9990.98,9991.39,9991.8,9992.22,9992.65,9993.09,9993.54,9993.99,9994.45,9994.92,9995.4,9995.89,9996.39,9996.9,9997.42,9997.94,9998.48,9999.03,9999.59,10000.2,10000.7,10001.3,10001.9,10002.5,10003.2,10003.8,10004.4,10005.1,10005.8,10006.5,10007.2,10007.9,10008.6,10009.3,10010.1,10010.8,10011.6,10012.4,10013.2,10014.1,10014.9,10015.8,10016.6,10017.5,10018.4,10019.3,10020.3,10021.2,10022.2,10023.2,10024.2,10025.3,10026.3,10027.4,10028.5,10029.6,10030.7,10031.9,10033.1,10034.3,10035.5,10036.8,10038,10039.3,10040.6,10042,10043.4,10044.8,10046.2,10047.6,10049.1,10050.6,10052.2,10053.7,10055.3,10057,10058.6,10060.3,10062,10063.8,10065.6,10067.4,10069.3,10071.2,10073.1,10075.1,10077.1,10079.1,10081.2,10083.3,10085.5,10087.7,10089.9,10092.2,10094.6,10097,10099.4,10101.9,10104.4,10107,10109.6,10112.3,10115,10117.8,10120.6,10123.5,10126.5,10129.5,10132.6,10135.7,10138.9,10142.1,10145.5,10148.8,10152.3,10155.8,10159.4,10163.1,10166.8,10170.6,10174.5,10178.4,10182.5,10186.6,10190.8,10195.1,10199.5,10203.9,10208.5,10213.1,10217.9,10222.7,10227.6,10232.6,10237.8,10243,10248.4,10253.8,10259.4,10265,10270.8,10276.8,10282.8,10288.9,10295.2,10301.6,10308.2,10314.9,10321.7,10328.7,10335.8,10343,10350.5,10358,10365.8,10373.6,10381.7,10389.9,10398.3,10406.9,10415.7,10424.6,10433.8,10443.1,10452.7,10462.4,10472.4,10482.6,10493,10503.6,10514.5,10525.6,10536.9,10548.5,10560.4,10572.5,10584.9,10597.5,10610.5,10623.7,10637.2,10651.1,10665.2,10679.7,10694.5,10709.7,10725.2,10741,10757.3,10773.9,10790.8,10808.2,10826,10844.3,10862.9,10882,10901.6,10921.6,10942.1,10963.1,10984.6,11006.6,11029.2,11052.3,11076,11100.3,11125.2,11150.8,11176.9,11203.8,11231.3,11259.5,11288.5,11318.2,11348.6,11379.9,11412,11444.9,11478.7,11513.4,11549.1,11585.6,11623.2,11661.9,11701.5,11742.3,11784.2,11827.3,11871.6,11917.1,11963.9,12012.1,12061.6,12112.6,12165.1,12219.1,12274.8,12332,12391,12451.8,12514.4,12579,12645.5,12714.1,12784.8,12857.8,12933,13010.7,13090.9,13173.6,13259.1,13347.4,13438.6,13532.9,13630.3,13731.1,13835.2,13943,14054.6,14170,14289.5,14413.3,14541.5,14674.4,14812.1,14954.9,15103,15256.6,15416,15581.6,15753.4,15931.9,16117.4,16310.3,16510.7,16719.3,16936.2,17162,17397.1,17642,17897.1,18163,18440.2,18729.3,19031,19345.9,19674.6,20018,20376.7,20751.7,21143.7,21553.8,21982.8,22431.9,22902.1,23394.6,23910.6,24451.4,25018.5,25613.1,26237,26891.7,27578.9,28300.4,29058.2,29854.3,30690.7,31569.8,32493.7,33465.1,34486.4,35560.2,36689.4,37876.9,39125.6,40438.5,41818.9,43270,44795,46397.3,48080.2,49847,51701,53645.3,55683,57817,60049.9,62384,64821.3,67363.4,70011.1,72764.9,75624.5,78588.8,81655.8,84822.6,88085.3,91438.8,94877.1,98392.7,101977,105621,109313,113041,116793,120555,124313,128052,131757,135414,139007,142522,145946,149267,152473,155554,158502,161309,163971,166484,168845,171054,173111,175020,176782,178404,179889,181244,182476,183591,184596,185500,186308,187030,187671,188238,188739,189180,189565,189903,190196,190450,190670,190859,191022,191161,191279,191380,191465,191537,191597,191648,191690,191725,191754,191777,191797,191813,191826,191837,191845,191852,191857,191862,191865,191868,191870,191872,191873,191874,191875,191876,191876,191876,191877,191877,191877,191877,191877,191877,191877,191877,191877,191877,191877,191877,191877,191877,191877,191877,191877,191877,191877,191877,191877,191877,191877,191877,191877,191877,191877,191877,191877,191877,191877,191877,191877,191877,191877,191877,191877,191877,191877,191877,191877,191877,191877,191877,191877,191877,191877,191877,191877,191877,191877,191877,191877,191877,191877,191877,191877,191877,191877,191877,191877,191877,191877,191877,191877,191877,191877,191877,191877,191877,191877,191877,191877,191877,191877,191877,191877,191877,191877,191877,191877,191877,191877,191877,191877,191877,191877,191877,191877,191877,191877,191877,191877,191877,191877,191877,191877,191877,191877,191877,191877,191877,191877,191877,191877,191877,191877,191877,191877,191877,191877,191877,191877,191877,191877,191877,191877,191877,191877,191877,191877,191877,191877,191877,191877,191877,191877,191877,191877,191877,191877,191877,191877,191877,191877,191877,191877,191877,191877,191877,191877,191877,191877,191877,191877,191877,191877,191877,191877,191877,191877,191877,191877,191877,191877,191877,191877,191877,191877,191877,191877,191877,191877,191877,191877,191877,191877,191877,191877,191877,191877,191877,191877,191877,191877,191877,191877,191877,191877,191877,191877,191877,191877,191877,191878,191878,191877,191877,191877,191879,191878,191882,191877,191879,191899,191910,191894,191925,192005,191896,191961
inferred-cdf-5,5.01526e-05,5.02683e-05,5.12038e-05,5.21567e-05,5.31273e-05,5.4116e-05,5.5123e-05,5.61488e-05,5.71937e-05,5.82581e-05,5.93422e-05,6.04466e-05,6.15714e-05,6.27172e-05,6.38844e-05,6.50732e-05,6.62842e-05,6.75177e-05,6.87741e-05,7.0054e-05,7.13576e-05,7.26855e-05,7.40382e-05,7.5416e-05,7.68194e-05,7.82489e-05,7.97051e-05,8.11883e-05,8.26992e-05,8.42381e-05,8.58057e-05,8.74025e-05,8.9029e-05,9.06857e-05,9.23733e-05,9.40923e-05,9.58432e-05,9.76268e-05,9.94435e-05,0.000101294,0.000103179,0.000105099,0.000107055,0.000109047,0.000111076,0.000113143,0.000115249,0.000117393,0.000119578,0.000121803,0.00012407,0.000126378,0.00012873,0.000131125,0.000133566,0.000136051,0.000138583,0.000141161,0.000143788,0.000146464,0.000149189,0.000151966,0.000154793,0.000157674,0.000160608,0.000163596,0.000166641,0.000169741,0.0001729,0.000176117,0.000179394,0.000182733,0.000186133,0.000189596,0.000193124,0.000196718,0.000200378,0.000204107,0.000207905,0.000211773,0.000215714,0.000219728,0.000223816,0.000227981,0.000232223,0.000236544,0.000240946,0.000245429,0.000249996,0.000254647,0.000259385,0.000264212,0.000269128,0.000274135,0.000279236,0.000284432,0.000289724,0.000295115,0.000300606,0.000306199,0.000311896,0.000317699,0.000323611,0.000329632,0.000335765,0.000342012,0.000348375,0.000354857,0.000361459,0.000368185,0.000375035,0.000382012,0.00038912,0.00039636,0.000403734,0.000411245,0.000418896,0.00042669,0.000434628,0.000442714,0.000450951,0.000459341,0.000467886,0.000476591,0.000485457,0.000494489,0.000503688,0.000513059,0.000522603,0.000532326,0.000542229,0.000552316,0.000562591,0.000573056,0.000583717,0.000594576,0.000605636,0.000616902,0.000628378,0.000640067,0.000651974,0.000664102,0.000676455,0.000689038,0.000701855,0.00071491,0.000728208,0.000741754,0.000755551,0.000769604,0.000783919,0.0007985,0.000813352,0.00082848,0.00084389,0.000859585,0.000875573,0.000891858,0.000908445,0.000925341,0.00094255,0.00096008,0.000977935,0.000996123,0.00101465,0.00103352,0.00105274,0.00107231,0.00109226,0.00111257,0.00113326,0.00115433,0.0011758,0.00119766,0.00121993,0.00124261,0.00126572,0.00128925,0.00131323,0.00133764,0.00136251,0.00138785,0.00141365,0.00143993,0.0014667,0.00149397,0.00152174,0.00155003,0.00157885,0.0016082,0.0016381,0.00166855,0.00169956,0.00173116,0.00176333,0.00179611,0.00182949,0.0018635,0.00189813,0.00193341,0.00196934,0.00200594,0.00204322,0.00208119,0.00211987,0.00215926,0.00219939,0.00224026,0.00228188,0.00232428,0.00236747,0.00241145,0.00245626,0.00250189,0.00254837,0.00259571,0.00264393,0.00269305,0.00274307,0.00279402,0.00284592,0.00289878,0.00295262,0.00300745,0.00306331,0.00312019,0.00317814,0.00323715,0.00329726,0.00335848,0.00342084,0.00348435,0.00354904,0.00361492,0.00368203,0.00375038,0.00381999,0.00389089,0.00396311,0.00403666,0.00411157,0.00418787,0.00426558,0.00434473,0.00442535,0.00450745,0.00459107,0.00467624,0.00476298,0.00485133,0.00494131,0.00503296,0.00512629,0.00522136,0.00531818,0.00541678,0.00551721,0.00561949,0.00572367,0.00582976,0.00593782,0.00604787,0.00615995,0.00627409,0.00639035,0.00650875,0.00662933,0.00675213,0.0068772,0.00700458,0.0071343,0.00726642,0.00740096,0.00753799,0.00767754,0.00781966,0.00796439,0.00811179,0.00826191,0.00841478,0.00857046,0.00872901,0.00889048,0.00905491,0.00922236,0.00939289,0.00956656,0.00974341,0.00992351,0.0101069,0.0102937,0.0104839,0.0106776,0.0108748,0.0110757,0.0112802,0.0114885,0.0117006,0.0119165,0.0121365,0.0123604,0.0125885,0.0128207,0.0130572,0.013298,0.0135432,0.0137928,0.014047,0.0143059,0.0145695,0.0148379,0.0151112,0.0153894,0.0156728,0.0159613,0.016255,0.0165541,0.0168586,0.0171687,0.0174843,0.0178058,0.018133,0.0184662,0.0188055,0.0191508,0.0195025,0.0198605,0.020225,0.0205961,0.0209738,0.0213585,0.02175,0.0221486,0.0225545,0.0229676,0.0233882,0.0238163,0.0242522,0.0246958,0.0251475,0.0256073,0.0260753,0.0265517,0.0270367,0.0275303,0.0280328,0.0285442,0.0290648,0.0295947,0.0301341,0.030683,0.0312418,0.0318104,0.0323892,0.0329783,0.0335778,0.034188,0.034809,0.0354409,0.0360841,0.0367386,0.0374046,0.0380824,0.0387722,0.0394741,0.0401883,0.040915,0.0416545,0.042407,0.0431726,0.0439516,0.0447442,0.0455506,0.0463711,0.0472058,0.048055,0.048919,0.0497979,0.050692,0.0516016,0.0525269,0.0534681,0.0544254,0.0553993,0.0563898,0.0573972,0.0584219,0.0594641,0.060524,0.0616019,0.0626982,0.063813,0.0649466,0.0660994,0.0672716,0.0684636,0.0696755,0.0709077,0.0721605,0.0734343,0.0747292,0.0760456,0.0773838,0.0787442,0.0801269,0.0815325,0.0829611,0.0844131,0.0858888,0.0873885,0.0889126,0.0904614,0.0920352,0.0936344,0.0952592,0.0969101,0.0985874,0.100291,0.102022,0.103781,0.105567,0.107381,0.109224,0.111095,0.112995,0.114925,0.116885,0.118875,0.120895,0.122946,0.125028,0.127142,0.129288,0.131466,0.133676,0.135919,0.138196,0.140506,0.142849,0.145227,0.14764,0.150087,0.15257,0.155087,0.157641,0.160231,0.162857,0.165519,0.168219,0.170955,0.173729,0.176541,0.179391,0.182279,0.185205,0.18817,0.191174,0.194217,0.1973,0.200421,0.203583,0.206784,0.210025,0.213306,0.216627,0.219989,0.223391,0.226833,0.230316,0.23384,0.237404,0.241008,0.244653,0.248339,0.252065,0.255831,0.259638,0.263484,0.267371,0.271298,0.275264,0.279269,0.283314,0.287397,0.29152,0.29568,0.299878,0.304114,0.308387,0.312697,0.317042,0.321424,0.32584,0.330291,0.334776,0.339295,0.343846,0.348429,0.353043,0.357687,0.362362,0.367064,0.371795,0.376553,0.381337,0.386145,0.390978,0.395833,0.40071,0.405608,0.410526,0.415461,0.420414,0.425382,0.430364,0.435359,0.440366,0.445384,0.450409,0.455442,0.460481,0.465523,0.470569,0.475614,0.48066,0.485702,0.490741,0.495773,0.500798,0.505814,0.510818,0.515809,0.520786,0.525746,0.530687,0.535608,0.540507,0.545382,0.550231,0.555052,0.559844,0.564604,0.569331,0.574023,0.578678,0.583295,0.587871,0.592405,0.596895,0.60134,0.605737,0.610086,0.614385,0.618632,0.622826,0.626966,0.631049,0.635076,0.639044,0.642952,0.6468,0.650586,0.65431,0.65797,0.661566,0.665097,0.668563,0.671962,0.675295,0.678562,0.681761,0.684892,0.687957,0.690954,0.693883,0.696746,0.699542,0.702271,0.704935,0.707533,0.710066,0.712535,0.714942,0.717286,0.719568,0.721791,0.723955,0.726061,0.72811,0.730105,0.732046,0.733934,0.735773,0.737562,0.739304,0.741,0.742652,0.744263,0.745833,0.747364,0.748859,0.75032,0.751747,0.753143,0.75451,0.75585,0.757164,0.758455,0.759724,0.760973,0.762204,0.763418,0.764617,0.765804,0.766978,0.768143,0.7693,0.77045,0.771594,0.772734,0.773872,0.775008,0.776144,0.777281,0.778421,0.779563,0.78071,0.781861,0.783019,0.784184,0.785356,0.786537,0.787727,0.788927,0.790137,0.791359,0.792591,0.793836,0.795093,0.796363,0.797645,0.798942,0.800252,0.801575,0.802914,0.804266,0.805633,0.807015,0.808411,0.809823,0.811249,0.812691,0.814147,0.815619,0.817106,0.818608,0.820125,0.821657,0.823204,0.824766,0.826342,0.827934,0.829539,0.83116,0.832794,0.834443,0.836106,0.837782,0.839472,0.841175,0.842892,0.844621,0.846363,0.848117,0.849883,0.851661,0.853451,0.855251,0.857063,0.858884,0.860716,0.862557,0.864408,0.866268,0.868135,0.870011,0.871895,0.873785,0.875682,0.877584,0.879493,0.881406,0.883323,0.885245,0.887169,0.889097,0.891026,0.892957,0.894888,0.89682,0.898751,0.90068,0.902608,0.904534,0.906456,0.908374,0.910287,0.912195,0.914097,0.915991,0.917878,0.919757,0.921626,0.923485,0.925334,0.927171,0.928996,0.930808,0.932606,0.934389,0.936157,0.937909,0.939644,0.941362,0.943061,0.944742,0.946402,0.948043,0.949662,0.951259,0.952834,0.954387,0.955915,0.957419,0.958899,0.960353,0.961781,0.963183,0.964559,0.965907,0.967227,0.96852,0.969784,0.971019,0.972226,0.973403,0.974551,0.97567,0.976758,0.977817,0.978846,0.979845,0.980815,0.981754,0.982664,0.983543,0.984394,0.985215,0.986007,0.98677,0.987504,0.988211,0.988889,0.98954,0.990164,0.990761,0.991332,0.991877,0.992398,0.992893,0.993365,0.993813,0.994239,0.994642,0.995024,0.995385,0.995726,0.996047,0.99635,0.996634,0.996901,0.997151,0.997385,0.997603,0.997807,0.997997,0.998174,0.998337,0.998489,0.99863,0.998759,0.998879,0.998988,0.999089,0.999181,0.999266,0.999343,0.999413,0.999477,0.999535,0.999587,0.999635,0.999677,0.999715,0.99975,0.99978,0.999808,0.999832,0.999854,0.999873,0.99989,0.999905,0.999918,0.99993,0.99994,0.999949,0.999956,0.999963,0.999968,0.999973,0.999978,0.999981,0.999984,0.999987,0.999989,0.999991,0.999993,0.999994,0.999995,0.999996,0.999997,0.999997,0.999998,0.999998,0.999999,0.999999,0.999999,0.999999,0.999999,1,1,1,1,1,1,1,1,1,1,1,1,1,1,1,1,1,1,1,1,1,1,1,1,1,1,1,1,1,1,1,1,1,1,1,1,1
inferred-pdf-5,0.000100302,0.000100302,0.000100302,0.000100302,0.000100301,0.000100301,0.000100301,0.000100301,0.000100301,0.000100301,0.000100301,0.0001003,0.0001003,0.0001003,0.0001003,0.0001003,0.0001003,0.000100299,0.000100299,0.000100299,0.000100299,0.000100299,0.000100299,0.000100298,0.000100298,0.000100298,0.000100298,0.000100298,0.000100297,0.000100297,0.000100297,0.000100297,0.000100297,0.000100296,0.000100296,0.000100296,0.000100296,0.000100295,0.000100295,0.000100295,0.000100295,0.000100294,0.000100294,0.000100294,0.000100294,0.000100293,0.000100293,0.000100293,0.000100292,0.000100292,0.000100292,0.000100291,0.000100291,0.000100291,0.00010029,0.00010029,0.00010029,0.000100289,0.000100289,0.000100289,0.000100288,0.000100288,0.000100288,0.000100287,0.000100287,0.000100286,0.000100286,0.000100286,0.000100285,0.000100285,0.000100284,0.000100284,0.000100283,0.000100283,0.000100282,0.000100282,0.000100281,0.000100281,0.00010028,0.00010028,0.000100279,0.000100279,0.000100278,0.000100278,0.000100277,0.000100276,0.000100276,0.000100275,0.000100275,0.000100274,0.000100273,0.000100273,0.000100272,0.000100271,0.000100271,0.00010027,0.000100269,0.000100268,0.000100268,0.000100267,0.000100266,0.000100265,0.000100265,0.000100264,0.000100263,0.000100262,0.000100261,0.00010026,0.000100259,0.000100258,0.000100258,0.000100257,0.000100256,0.000100255,0.000100254,0.000100253,0.000100252,0.000100251,0.000100249,0.000100248,0.000100247,0.000100246,0.000100245,0.000100244,0.000100243,0.000100241,0.00010024,0.000100239,0.000100237,0.000100236,0.000100235,0.000100233,0.000100232,0.000100231,0.000100229,0.000100228,0.000100226,0.000100225,0.000100223,0.000100221,0.00010022,0.000100218,0.000100217,0.000100215,0.000100213,0.000100211,0.000100209,0.000100208,0.000100206,0.000100204,0.000100202,0.0001002,0.000100198,0.000100196,0.000100194,0.000100192,0.000100189,0.000100187,0.000100185,0.000100183,0.00010018,0.000100178,0.000100175,0.000100173,0.00010017,0.000100168,0.000100165,0.000100163,0.00010016,0.000100157,0.000100154,0.000100151,0.000100148,0.000100146,0.000100142,0.000100139,0.000100136,0.000100133,0.00010013,0.000100126,0.000100123,0.00010012,0.000100116,0.000100113,0.000100109,0.000100105,0.000100101,0.000100098,0.000100094,0.00010009,0.000100086,0.000100081,0.000100077,0.000100073,0.000100068,0.000100064,0.000100059,0.000100055,0.00010005,0.000100045,0.00010004,0.000100035,0.00010003,0.000100025,0.00010002,0.000100015,0.000100009,0.000100004,9.99978e-05,9.99921e-05,9.99862e-05,9.99802e-05,9.99741e-05,9.99679e-05,9.99616e-05,9.99551e-05,9.99485e-05,9.99418e-05,9.9935e-05,9.99281e-05,9.9921e-05,9.99138e-05,9.99065e-05,9.9899e-05,9.98914e-05,9.98837e-05,9.98758e-05,9.98677e-05,9.98596e-05,9.98512e-05,9.98427e-05,9.98341e-05,9.98253e-05,9.98163e-05,9.98072e-05,9.97978e-05,9.97884e-05,9.97787e-05,9.97689e-05,9.97589e-05,9.97487e-05,9.97383e-05,9.97277e-05,9.97169e-05,9.97059e-05,9.96947e-05,9.96834e-05,9.96718e-05,9.96599e-05,9.96479e-05,9.96357e-05,9.96232e-05,9.96105e-05,9.95975e-05,9.95843e-05,9.95709e-05,9.95572e-05,9.95433e-05,9.95291e-05,9.95147e-05,9.94999e-05,9.9485e-05,9.94697e-05,9.94541e-05,9.94383e-05,9.94222e-05,9.94058e-05,9.9389e-05,9.9372e-05,9.93547e-05,9.9337e-05,9.9319e-05,9.93007e-05,9.9282e-05,9.9263e-05,9.92437e-05,9.9224e-05,9.92039e-05,9.91834e-05,9.91626e-05,9.91414e-05,9.91198e-05,9.90978e-05,9.90754e-05,9.90526e-05,9.90294e-05,9.90058e-05,9.89817e-05,9.89572e-05,9.89322e-05,9.89068e-05,9.88809e-05,9.88545e-05,9.88276e-05,9.88003e-05,9.87724e-05,9.87441e-05,9.87152e-05,9.86858e-05,9.86558e-05,9.86253e-05,9.85943e-05,9.85626e-05,9.85304e-05,9.84977e-05,9.84643e-05,9.84303e-05,9.83957e-05,9.83604e-05,9.83245e-05,9.8288e-05,9.82508e-05,9.82129e-05,9.81743e-05,9.8135e-05,9.8095e-05,9.80543e-05,9.80128e-05,9.79706e-05,9.79276e-05,9.78839e-05,9.78393e-05,9.77939e-05,9.77478e-05,9.77007e-05,9.76528e-05,9.76041e-05,9.75545e-05,9.7504e-05,9.74525e-05,9.74002e-05,9.73469e-05,9.72926e-05,9.72373e-05,9.71811e-05,9.71238e-05,9.70655e-05,9.70062e-05,9.69458e-05,9.68843e-05,9.68217e-05,9.6758e-05,9.66932e-05,9.66271e-05,9.65599e-05,9.64915e-05,9.64219e-05,9.63511e-05,9.62789e-05,9.62055e-05,9.61308e-05,9.60547e-05,9.59773e-05,9.58985e-05,9.58184e-05,9.57367e-05,9.56537e-05,9.55692e-05,9.54832e-05,9.53956e-05,9.53065e-05,9.52159e-05,9.51236e-05,9.50298e-05,9.49342e-05,9.4837e-05,9.47381e-05,9.46375e-05,9.45351e-05,9.44309e-05,9.43249e-05,9.4217e-05,9.41073e-05,9.39957e-05,9.38821e-05,9.37665e-05,9.3649e-05,9.35294e-05,9.34077e-05,9.3284e-05,9.31581e-05,9.303e-05,9.28998e-05,9.27673e-05,9.26325e-05,9.24954e-05,9.2356e-05,9.22143e-05,9.20701e-05,9.19235e-05,9.17743e-05,9.16227e-05,9.14685e-05,9.13117e-05,9.11523e-05,9.09901e-05,9.08253e-05,9.06577e-05,9.04873e-05,9.03141e-05,9.0138e-05,8.9959e-05,8.9777e-05,8.9592e-05,8.9404e-05,8.92129e-05,8.90187e-05,8.88213e-05,8.86206e-05,8.84167e-05,8.82095e-05,8.7999e-05,8.77851e-05,8.75677e-05,8.73468e-05,8.71224e-05,8.68945e-05,8.66629e-05,8.64276e-05,8.61887e-05,8.5946e-05,8.56995e-05,8.54491e-05,8.51948e-05,8.49366e-05,8.46744e-05,8.44082e-05,8.41379e-05,8.38635e-05,8.35849e-05,8.33021e-05,8.3015e-05,8.27236e-05,8.24278e-05,8.21277e-05,8.18231e-05,8.1514e-05,8.12004e-05,8.08822e-05,8.05594e-05,8.0232e-05,7.98998e-05,7.95629e-05,7.92212e-05,7.88747e-05,7.85233e-05,7.81671e-05,7.78059e-05,7.74397e-05,7.70685e-05,7.66922e-05,7.63109e-05,7.59244e-05,7.55329e-05,7.51361e-05,7.47341e-05,7.43269e-05,7.39145e-05,7.34968e-05,7.30737e-05,7.26454e-05,7.22117e-05,7.17727e-05,7.13282e-05,7.08784e-05,7.04232e-05,6.99626e-05,6.94966e-05,6.90251e-05,6.85483e-05,6.8066e-05,6.75783e-05,6.70852e-05,6.65867e-05,6.60827e-05,6.55735e-05,6.50588e-05,6.45388e-05,6.40135e-05,6.3483e-05,6.29471e-05,6.24061e-05,6.18598e-05,6.13084e-05,6.0752e-05,6.01904e-05,5.96239e-05,5.90525e-05,5.84761e-05,5.7895e-05,5.73091e-05,5.67186e-05,5.61235e-05,5.55238e-05,5.49198e-05,5.43114e-05,5.36989e-05,5.30822e-05,5.24615e-05,5.18369e-05,5.12085e-05,5.05765e-05,4.99409e-05,4.93019e-05,4.86597e-05,4.80144e-05,4.73661e-05,4.6715e-05,4.60613e-05,4.5405e-05,4.47465e-05,4.40858e-05,4.34232e-05,4.27587e-05,4.20927e-05,4.14254e-05,4.07568e-05,4.00872e-05,3.94169e-05,3.8746e-05,3.80747e-05,3.74034e-05,3.67322e-05,3.60613e-05,3.5391e-05,3.47215e-05,3.4053e-05,3.33859e-05,3.27204e-05,3.20566e-05,3.13949e-05,3.07356e-05,3.00788e-05,2.94249e-05,2.87741e-05,2.81266e-05,2.74829e-05,2.6843e-05,2.62072e-05,2.55759e-05,2.49494e-05,2.43277e-05,2.37113e-05,2.31004e-05,2.24953e-05,2.18961e-05,2.13032e-05,2.07168e-05,2.01372e-05,1.95645e-05,1.89991e-05,1.84411e-05,1.78908e-05,1.73484e-05,1.68142e-05,1.62882e-05,1.57708e-05,1.5262e-05,1.47622e-05,1.42714e-05,1.37898e-05,1.33176e-05,1.28549e-05,1.24019e-05,1.19586e-05,1.15252e-05,1.11018e-05,1.06885e-05,1.02853e-05,9.89232e-06,9.50959e-06,9.13717e-06,8.77507e-06,8.4233e-06,8.08188e-06,7.75079e-06,7.43e-06,7.11947e-06,6.81917e-06,6.52901e-06,6.24894e-06,5.97886e-06,5.71867e-06,5.46826e-06,5.22752e-06,4.9963e-06,4.77446e-06,4.56186e-06,4.35832e-06,4.16368e-06,3.97775e-06,3.80034e-06,3.63125e-06,3.47028e-06,3.31722e-06,3.17185e-06,3.03395e-06,2.90329e-06,2.77964e-06,2.66277e-06,2.55243e-06,2.44839e-06,2.35042e-06,2.25826e-06,2.17168e-06,2.09045e-06,2.01431e-06,1.94303e-06,1.87639e-06,1.81415e-06,1.75607e-06,1.70195e-06,1.65155e-06,1.60468e-06,1.56111e-06,1.52064e-06,1.48309e-06,1.44825e-06,1.41595e-06,1.38601e-06,1.35826e-06,1.33254e-06,1.30869e-06,1.28656e-06,1.26603e-06,1.24694e-06,1.22918e-06,1.21263e-06,1.19717e-06,1.18271e-06,1.16914e-06,1.15638e-06,1.14433e-06,1.13292e-06,1.12208e-06,1.11174e-06,1.10184e-06,1.09232e-06,1.08314e-06,1.07423e-06,1.06557e-06,1.05711e-06,1.04882e-06,1.04067e-06,1.03263e-06,1.02467e-06,1.01677e-06,1.00892e-06,1.00109e-06,9.93274e-07,9.85454e-07,9.7762e-07,9.69762e-07,9.61872e-07,9.53941e-07,9.45965e-07,9.37937e-07,9.29854e-07,9.21711e-07,9.13507e-07,9.05238e-07,8.96903e-07,8.885e-07,8.8003e-07,8.7149e-07,8.62881e-07,8.54204e-07,8.45457e-07,8.36642e-07,8.27759e-07,8.18809e-07,8.09794e-07,8.00713e-07,7.91569e-07,7.82362e-07,7.73095e-07,7.63768e-07,7.54383e-07,7.44943e-07,7.35448e-07,7.25902e-07,7.16305e-07,7.0666e-07,6.96969e-07,6.87234e-07,6.77458e-07,6.67643e-07,6.57791e-07,6.47906e-07,6.37989e-07,6.28044e-07,6.18073e-07,6.08079e-07,5.98065e-07,5.88035e-07,5.77991e-07,5.67936e-07,5.57874e-07,5.47808e-07,5.37741e-07,5.27677e-07,5.1762e-07,5.07572e-07,4.97538e-07,4.87521e-07,4.77525e-07,4.67554e-07,4.57611e-07,4.477e-07,4.37826e-07,4.27991e-07,4.18201e-07,4.08459e-07,3.98768e-07,3.89134e-07,3.7956e-07,3.70049e-07,3.60607e-07,3.51237e-07,3.41942e-07,3.32727e-07,3.23596e-07,3.14553e-07,3.05601e-07,2.96745e-07,2.87987e-07,2.79332e-07,2.70784e-07,2.62345e-07,2.5402e-07,2.45811e-07,2.37722e-07,2.29756e-07,2.21916e-07,2.14206e-07,2.06627e-07,1.99183e-07,1.91875e-07,1.84708e-07,1.77682e-07,1.708e-07,1.64064e-07,1.57476e-07,1.51037e-07,1.44749e-07,1.38613e-07,1.3263e-07,1.26801e-07,1.21127e-07,1.15609e-07,1.10246e-07,1.05039e-07,9.99874e-08,9.50918e-08,9.03515e-08,8.57658e-08,8.1334e-08,7.70551e-08,7.29279e-08,6.89511e-08,6.51232e-08,6.14424e-08,5.79069e-08,5.45148e-08,5.12637e-08,4.81513e-08,4.51752e-08,4.23328e-08,3.96213e-08,3.70378e-08,3.45793e-08,3.22428e-08,3.0025e-08,2.79228e-08,2.59326e-08,2.40512e-08,2.22751e-08,2.06007e-08,1.90244e-08,1.75428e-08,1.61521e-08,1.48489e-08,1.36294e-08,1.24902e-08,1.14276e-08,1.04381e-08,9.51828e-09,8.6646e-09,7.8737e-09,7.14226e-09,6.46702e-09,5.84481e-09,5.27253e-09,4.74716e-09,4.26581e-09,3.82564e-09,3.42395e-09,3.05812e-09,2.72563e-09,2.4241e-09,2.15122e-09,1.90482e-09,1.68284e-09,1.48329e-09,1.30435e-09,1.14424e-09,1.00135e-09,8.7413e-10,7.61145e-10,6.61059e-10,5.72629e-10,4.94705e-10,4.26223e-10,3.66204e-10,3.13749e-10,2.68036e-10,2.28312e-10,1.93897e-10,1.64169e-10,1.38569e-10,1.16593e-10,9.77868e-11,8.17462e-11,6.81094e-11,5.65551e-11,4.67987e-11,3.85892e-11,3.17057e-11,2.59551e-11,2.11685e-11,1.71992e-11,1.39204e-11,1.12223e-11,9.01099e-12,7.20591e-12,5.73851e-12,4.5506e-12,3.59305e-12,2.82455e-12,2.21049e-12,1.72206e-12,1.33533e-12,1.03056e-12,7.91528e-13,6.04958e-13,4.60057e-13,3.48084e-13,2.62001e-13,1.96167e-13,1.46086e-13,1.08196e-13,7.96867e-14,5.83564e-14,4.24887e-14,3.07534e-14,2.21259e-14,1.58215e-14,1.1243e-14,7.93885e-15,5.56956e-15,3.88165e-15,2.68718e-15,1.84759e-15,1.26149e-15,8.5521e-16,5.75609e-16,3.84565e-16,2.55019e-16,1.67823e-16,1.09577e-16,7.09828e-17,4.56194e-17,2.90774e-17,1.83677e-17,1.15021e-17,7.15525e-18
model-iicr-5
model-cdf-5
model-pdf-5
